-0.644028 -0.347568 0.607525 -0.308767
-0.633406 -0.346309 0.599536 -0.345578
-0.504322 -0.493353 -0.522534 0.47877
-0.603 -0.386973 -0.605045 0.347222
-0.65883 -0.253189 -0.673281 0.220297
-0.566082 -0.427146 -0.576587 0.405765
-0.552222 -0.462127 -0.554492 0.417167
-0.572489 -0.434756 -0.575083 0.390542
-0.569684 -0.4332 -0.562306 0.414259
-0.559293 -0.460361 -0.540821 0.427518
-0.492707 -0.490345 -0.541804 0.472494
-0.674514 -0.222492 -0.668239 0.221329
-0.54098 -0.470609 -0.552561 0.424906
-0.550692 -0.466676 -0.549453 0.420777
-0.547205 -0.442771 -0.566814 0.428068
-0.544505 -0.436979 -0.584612 0.41327
-0.550535 -0.425826 -0.576854 0.427579
-0.547287 -0.420569 -0.584529 0.426526
-0.545332 -0.429583 -0.592289 0.40898
-0.551846 -0.425834 -0.587658 0.410841
-0.562707 -0.40985 -0.588809 0.410715
-0.568023 -0.421278 -0.579531 0.404992
-0.555291 -0.415799 -0.585277 0.419779
-0.560882 -0.414434 -0.581018 0.419612
-0.557896 -0.423783 -0.572895 0.425385
-0.558287 -0.424313 -0.578374 0.416842
-0.571148 -0.416035 -0.585232 0.397754
-0.575782 -0.418341 -0.589945 0.381353
-0.559497 -0.418069 -0.592229 0.401805
-0.567422 -0.423161 -0.581736 0.400688
-0.556488 -0.41992 -0.583298 0.416835
-0.558172 -0.415906 -0.59508 0.40168
-0.580575 -0.417191 -0.580757 0.389366
-0.566355 -0.415385 -0.588608 0.400297
-0.57196 -0.426766 -0.586504 0.383073
-0.573041 -0.417027 -0.593299 0.381718
-0.567394 -0.409902 -0.590481 0.401717
-0.580881 -0.415941 -0.587137 0.380579
-0.576439 -0.409161 -0.579158 0.406055
-0.569106 -0.411066 -0.586554 0.403855
-0.558001 -0.420045 -0.594826 0.397969
-0.575544 -0.422513 -0.587111 0.381486
-0.573025 -0.408444 -0.594219 0.389513
-0.561403 -0.419909 -0.588285 0.403017
-0.559867 -0.401371 -0.603808 0.401082
-0.566816 -0.420411 -0.58967 0.392766
-0.563947 -0.423247 -0.587964 0.396389
-0.573131 -0.4098 -0.591563 0.391967
-0.574358 -0.416968 -0.587436 0.388804
-0.556887 -0.408504 -0.598886 0.405385
-0.564742 -0.40269 -0.592715 0.409386
-0.572588 -0.410722 -0.589444 0.394976
-0.564783 -0.41466 -0.590723 0.400155
-0.571804 -0.417992 -0.594159 0.381181
-0.568366 -0.412454 -0.593928 0.392545
-0.558614 -0.404972 -0.599584 0.405521
-0.568696 -0.408927 -0.593533 0.396336
-0.56357 -0.402838 -0.590531 0.413985
-0.561742 -0.422749 -0.576491 0.416399
-0.557041 -0.403704 -0.592426 0.419238
-0.54711 -0.417557 -0.58339 0.431246
-0.571037 -0.398644 -0.58852 0.410662
-0.566357 -0.402113 -0.594183 0.405576
-0.554266 -0.40871 -0.590946 0.420153
-0.559128 -0.39632 -0.594877 0.420034
-0.565388 -0.413994 -0.584337 0.409263
-0.576786 -0.415223 -0.577782 0.401343
-0.571074 -0.406545 -0.5893 0.401647
-0.564041 -0.420221 -0.587864 0.39961
-0.562884 -0.42786 -0.575284 0.411274
-0.551872 -0.420681 -0.577117 0.430581
-0.558107 -0.419275 -0.583473 0.415072
-0.563264 -0.408984 -0.586323 0.414357
-0.567452 -0.395687 -0.595105 0.409
-0.555459 -0.418253 -0.589895 0.410552
-0.559482 -0.419259 -0.584489 0.411794
-0.562866 -0.405904 -0.584709 0.420167
-0.5623 -0.411878 -0.586117 0.413088
-0.412909 -0.58079 0.375668 -0.592505
-0.376533 -0.607124 0.348435 -0.606808
-0.423092 -0.57198 0.39169 -0.583448
-0.408828 -0.553069 0.427974 -0.586356
-0.446754 -0.564925 0.408625 -0.560621
-0.444446 -0.562679 0.399408 -0.571256
-0.440659 -0.562411 0.398522 -0.57506
-0.443323 -0.558187 0.405368 -0.572337
-0.444608 -0.556919 0.410206 -0.569118
-0.435913 -0.570109 0.393008 -0.574892
-0.436979 -0.562795 0.399583 -0.576754
-0.425694 -0.56876 0.394387 -0.582886
-0.406195 -0.585291 0.374463 -0.59348
-0.459763 -0.548646 0.43449 -0.546648
-0.0205668 0.124132 -0.957456 0.259703
-0.0328518 0.13938 -0.953476 0.265288
-0.0370738 0.150392 -0.953594 0.258197
-0.602035 -0.420672 -0.576931 0.357407
-0.657619 -0.287072 -0.660625 0.220686
-0.58139 -0.413852 -0.566187 0.412487
-0.596909 -0.419637 -0.58547 0.353312
-0.565415 -0.414574 -0.602311 0.381649
-0.603774 -0.349418 -0.630025 0.341223
-0.560035 -0.441759 -0.560559 0.420694
-0.582415 -0.417977 -0.577382 0.390792
-0.0205668 0.124132 -0.957456 0.259703
-0.0328518 0.13938 -0.953476 0.265288
-0.525755 -0.487241 0.49011 -0.495954
-0.415575 -0.56075 0.406182 -0.589807
-0.399251 -0.570894 0.402806 -0.593655
-0.40406 -0.574846 0.387321 -0.596884
-0.548805 -0.423166 -0.580388 0.42766
-0.561655 -0.409503 -0.581171 0.423192
-0.562662 -0.429303 -0.570596 0.416571
-0.571571 -0.425455 -0.571791 0.406633
-0.618268 -0.356968 -0.610619 0.342731
-0.669915 -0.212303 -0.690343 0.171956
-0.5886 -0.389245 -0.597826 0.380319
-0.585878 -0.449533 -0.55588 0.38166
-0.591648 -0.372687 -0.616159 0.362498
-0.572351 -0.394506 -0.613494 0.374706
-0.567902 -0.420631 -0.582111 0.402124
-0.566224 -0.408167 -0.61042 0.374402
-0.570417 -0.40564 -0.6035 0.381928
-0.56095 -0.39269 -0.614174 0.392327
-0.566718 -0.408284 -0.59286 0.400813
-0.567155 -0.396262 -0.600929 0.400245
-0.556642 -0.417181 -0.593257 0.405161
-0.551624 -0.426213 -0.586526 0.412361
-0.528355 -0.458132 -0.562801 0.440694
-0.494614 -0.49168 -0.51877 0.494454
-0.500168 -0.49733 -0.529105 0.471745
-0.523658 -0.456162 -0.560235 0.451481
-0.519553 -0.45782 -0.566557 0.446631
-0.540165 -0.45528 -0.56332 0.428499
-0.626408 0.318585 0.624387 0.340965
-0.605659 0.339044 0.61101 0.380649
-0.603785 0.365661 0.591486 0.389717
-0.580722 0.391331 0.585056 0.409063
-0.575232 0.40241 0.573402 0.422355
-0.565081 0.404081 0.57345 0.434231
-0.562844 0.396545 0.573845 0.443463
-0.571168 0.3962 0.578824 0.426327
-0.609805 0.379872 0.581377 0.381885
-0.114947 0.712475 -0.114396 -0.6827
-0.39908 0.59817 -0.415248 -0.557222
-0.412845 0.594105 -0.404009 -0.559799
-0.38287 0.610818 -0.3886 -0.573848
-0.348161 0.635413 -0.342299 -0.598219
-0.308035 0.651433 -0.30631 -0.622032
-0.429017 -0.552743 0.421279 -0.577013
-0.42914 -0.555624 0.416251 -0.577802
-0.462372 -0.532368 0.44289 -0.553756
-0.653015 -0.231398 -0.686817 0.219795
-0.608615 -0.346631 -0.639102 0.31778
-0.580691 -0.415196 -0.589033 0.378748
-0.659472 -0.218998 -0.684017 0.221941
-0.61233 -0.364614 -0.61004 0.346354
-0.576055 -0.411896 -0.574492 0.41044
-0.563522 -0.439601 -0.571475 0.403249
-0.566082 -0.427146 -0.576587 0.405765
-0.552222 -0.462127 -0.554492 0.417167
-0.575896 -0.428364 -0.573417 0.39502
-0.572489 -0.434756 -0.575083 0.390542
-0.576046 -0.434203 -0.561787 0.405011
-0.569684 -0.4332 -0.562306 0.414259
-0.559293 -0.460361 -0.540821 0.427518
-0.492707 -0.490345 -0.541804 0.472494
-0.293464 0.628231 0.30493 0.652857
-0.421283 0.553623 0.433007 0.573173
-0.511012 0.457328 0.529461 0.499389
-0.589408 0.353755 0.607812 0.397517
-0.642722 0.291587 0.629113 0.325734
-0.612125 0.367664 0.584277 0.385678
-0.594894 0.382534 0.576704 0.408878
-0.503356 0.491752 0.493924 0.510737
-0.547079 0.438494 -0.562979 -0.437587
-0.45062 0.552675 -0.474758 -0.515846
-0.383308 0.58946 -0.422258 -0.57211
-0.370471 0.601311 -0.409762 -0.577297
-0.345422 0.607872 -0.378749 -0.606403
-0.245019 0.660692 -0.279491 -0.652178
-0.39735 0.558098 -0.46024 -0.56464
-0.410027 0.564051 -0.441438 -0.564675
-0.395526 0.582497 -0.421696 -0.571339
-0.385282 0.594992 -0.417171 -0.56878
-0.372016 0.596253 -0.40933 -0.581838
-0.383361 0.593806 -0.428506 -0.56286
-0.390988 0.592174 -0.415279 -0.569211
-0.39531 0.593441 -0.418318 -0.562643
-0.394186 0.595612 -0.406805 -0.569538
-0.373451 0.600541 -0.400725 -0.582498
-0.347466 0.622155 -0.36589 -0.598594
-0.331179 0.64008 -0.345942 -0.600785
-0.346936 0.628722 -0.369133 -0.589987
-0.355727 0.623855 -0.375984 -0.585577
-0.373283 0.611249 -0.392716 -0.576896
-0.385384 0.610319 -0.393989 -0.569001
-0.390699 0.604953 -0.411601 -0.558544
-0.387994 0.589417 -0.417194 -0.572711
-0.355287 0.622234 -0.36599 -0.593841
-0.247169 0.674465 -0.263986 -0.643674
-0.236625 0.671774 -0.261888 -0.651262
-0.31194 0.634656 -0.345342 -0.616964
-0.367583 0.604284 -0.398693 -0.583753
-0.396775 0.57442 -0.427144 -0.574595
-0.406835 0.592175 -0.419993 -0.554455
-0.409163 0.583289 -0.424149 -0.558979
-0.396212 0.589408 -0.417546 -0.566807
-0.398953 0.577462 -0.425082 -0.571559
-0.362913 0.601287 -0.400699 -0.588378
-0.335246 0.622878 -0.365619 -0.604943
-0.237224 0.677703 -0.23891 -0.653732
-0.44213 0.562001 -0.440992 -0.542404
-0.425 0.583931 -0.40848 -0.558161
-0.37521 0.588684 -0.415618 -0.583036
-0.389171 0.616063 -0.371876 -0.575084
-0.398548 0.603682 -0.401132 -0.561979
-0.430593 0.590678 -0.406744 -0.547949
-0.562306 0.414259 0.569684 0.4332
-0.540821 0.427518 0.559293 0.460361
-0.541804 0.472494 0.492707 0.490345
-0.418464 0.559653 0.417627 0.580744
-0.40943 0.58597 -0.403177 -0.571362
-0.421279 0.577013 -0.429017 -0.552743
-0.416251 0.577802 -0.42914 -0.555624
-0.44289 0.553756 -0.462372 -0.532368
-0.417925 0.572453 -0.433941 -0.556177
-0.465251 0.542415 -0.474622 -0.513869
-0.65211 -0.308183 0.613475 -0.321597
-0.408286 -0.57447 0.382385 -0.597552
-0.445167 -0.556532 0.41003 -0.569187
-0.405945 -0.575313 0.395906 -0.589476
-0.414589 -0.562025 0.399301 -0.593972
-0.400455 -0.560984 0.410963 -0.596693
-0.440828 -0.541152 0.422309 -0.578343
-0.412027 -0.568604 0.391834 -0.594466
-0.412289 -0.567167 0.389807 -0.596984
-0.403229 -0.561574 0.392905 -0.606355
-0.418008 -0.549798 0.409387 -0.596149
-0.434618 -0.544026 0.42587 -0.577735
-0.447796 -0.53766 0.447961 -0.556535
-0.443623 -0.53771 0.412982 -0.586099
-0.423218 -0.555233 0.418237 -0.581103
-0.439852 -0.552076 0.405232 -0.580973
-0.429465 -0.560121 0.411246 -0.576802
-0.469801 -0.541342 0.425036 -0.552792
-0.441962 -0.565498 0.405176 -0.566317
-0.505098 -0.487714 0.492307 -0.514437
-0.0265217 0.125634 -0.956208 0.263019
-0.362713 0.600373 0.336151 0.628486
-0.39169 0.583448 -0.423092 -0.57198
-0.427974 0.586356 -0.408828 -0.553069
-0.39288 0.558369 -0.456064 -0.570855
-0.408625 0.560621 -0.446754 -0.564925
-0.399408 0.571256 -0.444446 -0.562679
-0.398522 0.57506 -0.440659 -0.562411
-0.405368 0.572337 -0.443323 -0.558187
-0.410206 0.569118 -0.444608 -0.556919
-0.393008 0.574892 -0.435913 -0.570109
-0.399583 0.576754 -0.436979 -0.562795
-0.394387 0.582886 -0.425694 -0.56876
-0.374463 0.59348 -0.406195 -0.585291
-0.392651 0.556982 0.430408 0.5919
-0.508467 0.463538 0.528692 0.49707
-0.23746 0.680082 -0.264837 -0.641064
-0.362692 0.619132 -0.355155 -0.599162
-0.373422 0.592465 -0.39387 -0.595322
-0.250305 0.651152 -0.270512 -0.663455
-0.580388 0.42766 0.548805 0.423166
-0.581171 0.423192 0.561655 0.409503
-0.570596 0.416571 0.562662 0.429303
-0.571791 0.406633 0.571571 0.425455
-0.610619 0.342731 0.618268 0.356968
-0.406182 0.589807 -0.415575 -0.56075
-0.402806 0.593655 -0.399251 -0.570894
-0.448402 -0.541825 0.431732 -0.564773
-0.430292 -0.552437 0.408456 -0.585514
-0.456282 -0.532505 0.437123 -0.563177
-0.495461 -0.480324 0.488692 -0.533842
-0.602124 -0.367351 0.574477 -0.415302
-0.446949 -0.570562 0.400746 -0.560444
-0.623117 -0.318561 -0.640039 0.317167
-0.576077 -0.40658 -0.58427 0.401817
-0.561697 -0.415416 -0.589935 0.40485
-0.560468 -0.411537 -0.587774 0.413563
-0.567647 -0.424125 -0.573841 0.410612
-0.58139 -0.413852 -0.566187 0.412487
-0.562744 -0.427879 -0.578572 0.406809
-0.565458 -0.425992 -0.57665 0.407754
-0.526165 -0.477594 -0.540884 0.449999
-0.398652 -0.58707 -0.403484 0.577604
-0.446545 -0.554302 -0.483791 0.509208
-0.410642 -0.577621 0.382635 -0.59272
-0.566759 -0.411467 -0.58398 0.410423
-0.570345 -0.416639 -0.581764 0.403323
-0.557014 -0.421508 -0.579585 0.4197
-0.562025 -0.40287 -0.586819 0.421268
-0.587274 -0.346803 -0.624188 0.381087
-0.65403 -0.211462 -0.694476 0.212676
-0.585056 -0.409063 -0.580722 0.391331
-0.573402 -0.422355 -0.575232 0.40241
-0.57345 -0.434231 -0.565081 0.404081
-0.573845 -0.443463 -0.562844 0.396545
-0.578824 -0.426327 -0.571168 0.3962
-0.581604 -0.436857 -0.55455 0.404187
-0.580248 -0.426382 -0.5677 0.399034
-0.551563 -0.451067 -0.556882 0.426848
-0.509584 -0.507288 -0.510722 0.471324
-0.156006 0.684059 0.152727 0.695989
-0.293464 0.628231 0.30493 0.652857
-0.386784 0.585715 0.38371 0.600086
-0.503356 0.491752 0.493924 0.510737
-0.609543 0.369132 0.582231 0.391416
-0.490903 0.504991 -0.503197 -0.50079
-0.525667 0.464738 -0.539988 -0.464872
-0.546121 0.429854 -0.589955 -0.411013
-0.587157 0.379997 -0.611537 -0.369961
-0.561782 0.408446 -0.592171 -0.408542
-0.551597 0.438405 -0.570978 -0.42134
-0.570282 0.407708 -0.597677 -0.389019
-0.567083 0.406652 -0.59359 -0.400877
-0.592493 0.37351 -0.616072 -0.360414
-0.610546 0.358352 -0.618625 -0.340765
-0.547079 0.438494 -0.562979 -0.437587
-0.41003 0.569187 -0.445167 -0.556532
-0.395906 0.589476 -0.405945 -0.575313
-0.399301 0.593972 -0.414589 -0.562025
-0.410963 0.596693 -0.400455 -0.560984
-0.422309 0.578343 -0.440828 -0.541152
-0.391834 0.594466 -0.412027 -0.568604
-0.389807 0.596984 -0.412289 -0.567167
-0.392905 0.606355 -0.403229 -0.561574
-0.409387 0.596149 -0.418008 -0.549798
-0.42587 0.577735 -0.434618 -0.544026
-0.447961 0.556535 -0.447796 -0.53766
-0.412982 0.586099 -0.443623 -0.53771
-0.418237 0.581103 -0.423218 -0.555233
-0.405232 0.580973 -0.439852 -0.552076
-0.411246 0.576802 -0.429465 -0.560121
-0.425036 0.552792 -0.469801 -0.541342
-0.405176 0.566317 -0.441962 -0.565498
-0.552669 0.390472 -0.594922 -0.43377
-0.625798 -0.296487 -0.668693 0.27078
-0.594588 -0.379352 -0.609883 0.361386
-0.584147 -0.401546 -0.593644 0.380946
-0.624591 -0.317477 -0.634156 0.327018
-0.581377 -0.381885 -0.609805 0.379872
-0.402451 0.575011 -0.409772 -0.582651
-0.404521 0.566178 -0.42058 -0.582167
-0.412883 0.562194 -0.428416 -0.574392
-0.417954 0.570956 -0.416135 -0.5711
-0.42898 0.54795 -0.450969 -0.558887
-0.460753 0.521616 -0.507107 -0.508396
-0.37341 0.58027 0.360084 0.627847
-0.405217 0.563695 -0.444926 -0.565764
-0.35197 0.612411 -0.394902 -0.587472
-0.220997 0.682858 -0.25535 -0.647813
-0.556275 -0.424977 -0.58335 0.411892
-0.570336 -0.410502 -0.581523 0.409922
-0.564414 -0.419941 -0.573474 0.419779
-0.573262 -0.434565 -0.571535 0.394806
-0.565987 -0.430503 -0.578125 0.400122
-0.611676 -0.361578 -0.606714 0.356387
-0.666728 -0.21676 -0.676255 0.226203
-0.355155 -0.599162 0.362692 -0.619132
-0.39387 -0.595322 0.373422 -0.592465
-0.528692 -0.49707 -0.508467 0.463538
-0.58494 -0.429258 -0.561162 0.398347
-0.403724 0.590773 -0.411308 -0.564641
-0.409359 0.590477 -0.401002 -0.568295
-0.405647 0.586846 -0.421848 -0.559559
-0.409723 0.574206 -0.420692 -0.570467
-0.420623 0.556717 -0.448042 -0.558928
-0.6491 0.29859 0.634166 0.295544
-0.396309 0.604096 -0.405936 -0.559664
-0.431732 0.564773 -0.448402 -0.541825
-0.408456 0.585514 -0.430292 -0.552437
-0.437123 0.563177 -0.456282 -0.532505
-0.488692 0.533842 -0.495461 -0.480324
-0.574477 0.415302 -0.602124 -0.367351
-0.499543 0.50552 -0.507362 -0.487329
-0.43449 0.546648 -0.459763 -0.548646
-0.40821 0.57158 -0.444777 -0.555728
-0.381534 0.602572 -0.384641 -0.585995
-0.292264 0.655519 -0.292578 -0.631881
-0.503197 -0.50079 0.490903 -0.504991
-0.55538 -0.437801 -0.571874 0.415744
-0.545919 -0.437127 -0.58465 0.411189
-0.5502 -0.439619 -0.567414 0.42668
-0.548656 -0.433098 -0.582948 0.414216
-0.544455 -0.437704 -0.578338 0.421319
-0.550196 -0.420087 -0.591133 0.413972
-0.550703 -0.428599 -0.580389 0.419735
-0.564183 -0.429464 -0.578668 0.40299
-0.560692 -0.420237 -0.584629 0.408941
-0.400746 0.560444 -0.446949 -0.570562
-0.287581 0.644918 -0.318669 -0.63232
-0.0879084 -0.691877 0.0607494 -0.714064
-0.674023 -0.15956 -0.704708 0.153686
-0.634166 -0.295544 -0.6491 0.29859
-0.570445 -0.415188 -0.596087 0.383265
-0.556613 -0.435121 -0.570274 0.419094
-0.540631 -0.468853 -0.542761 0.439666
-0.446545 -0.554302 -0.483791 0.509208
-0.336151 -0.628486 -0.362713 0.600373
-0.193496 0.697692 -0.182941 -0.66507
-0.322913 0.648383 -0.331219 -0.604666
-0.433425 0.564761 -0.420771 -0.562262
-0.436752 0.551518 -0.461813 -0.540189
-0.447523 0.532787 -0.473341 -0.540194
-0.460964 0.515485 -0.486941 -0.533551
-0.447686 0.512987 -0.484323 -0.549411
-0.413332 0.556184 -0.435666 -0.574466
-0.334273 0.615714 -0.350916 -0.621302
-0.226039 0.665172 -0.251109 -0.665881
0.283278 -0.948467 -0.141567 0.0110709
-0.592839 -0.41213 -0.579301 0.378288
-0.54623 -0.423569 -0.59429 0.411147
-0.548263 -0.413811 -0.593196 0.419865
-0.560325 -0.425775 -0.575024 0.417252
-0.574654 -0.417137 -0.585671 0.390845
-0.603451 -0.348772 -0.623011 0.355054
-0.665937 -0.291812 0.621132 -0.292522
-0.592066 -0.392522 0.570907 -0.411642
-0.537031 -0.478009 0.491635 -0.491325
-0.546783 -0.467991 0.490495 -0.491353
-0.395055 -0.590447 -0.405719 0.575062
-0.502411 -0.506596 -0.505517 0.485178
-0.52232 -0.489662 -0.525241 0.459929
-0.601333 -0.38492 -0.601644 0.358133
-0.543283 -0.432486 -0.563826 0.447101
-0.601333 -0.38492 -0.601644 0.358133
-0.606517 0.389743 0.582103 0.376023
-0.411397 0.563604 -0.460277 -0.548861
-0.399566 0.55914 -0.465227 -0.55792
-0.39735 0.558098 -0.46024 -0.56464
-0.598084 -0.380743 -0.605727 0.361145
-0.640036 -0.278931 -0.658781 0.280284
-0.29748 0.635165 0.282214 0.654542
-0.456759 0.549456 -0.477917 -0.510945
-0.387056 0.606429 -0.394682 -0.57154
-0.371907 0.596436 -0.412092 -0.579767
-0.111531 -0.721703 -0.10961 0.674309
-0.103142 -0.713076 -0.111462 0.684442
-0.0960311 -0.719891 -0.112639 0.678121
-0.0949591 -0.718119 -0.107079 0.681045
-0.103698 -0.707438 -0.102287 0.691603
-0.101883 -0.717593 -0.100711 0.68157
-0.116395 -0.717517 -0.104914 0.678686
-0.0981128 -0.709702 -0.107957 0.689233
-0.0940819 -0.706732 -0.119352 0.690966
-0.103521 -0.708431 -0.10344 0.690441
-0.102073 -0.709082 -0.112357 0.688593
-0.0873851 -0.712569 -0.112266 0.687027
-0.0974767 -0.716883 -0.107136 0.681982
-0.0892013 -0.722803 -0.104943 0.677189
-0.0883172 -0.72 -0.117853 0.678168
-0.0948316 -0.718358 -0.131467 0.676525
-0.103388 -0.71193 -0.123092 0.683604
-0.121098 -0.709445 -0.116868 0.684372
-0.114946 -0.709037 -0.123901 0.684619
-0.100733 -0.714211 -0.123636 0.68152
-0.111625 -0.710364 -0.120234 0.684447
-0.10916 -0.719042 -0.124707 0.674916
-0.102366 -0.71337 -0.120547 0.68271
-0.106421 -0.715311 -0.116503 0.680759
-0.110862 -0.708017 -0.122687 0.686563
-0.114136 -0.708969 -0.132347 0.683243
-0.10615 -0.719709 -0.113473 0.676665
-0.108536 -0.712802 -0.117119 0.682947
-0.129966 -0.71368 -0.10735 0.679886
-0.10953 -0.717388 -0.114108 0.678482
-0.112255 -0.712743 -0.116971 0.682433
-0.10773 -0.712462 -0.122769 0.682437
-0.113748 -0.708735 -0.113513 0.686929
-0.0976746 -0.713515 -0.111367 0.684802
-0.106099 -0.71127 -0.110321 0.686052
-0.104517 -0.7084 -0.120661 0.687522
-0.105071 -0.712883 -0.114065 0.68392
-0.104157 -0.714805 -0.112705 0.682278
-0.10421 -0.712015 -0.121308 0.68371
-0.113694 -0.707033 -0.132418 0.685305
-0.11377 -0.715539 -0.117352 0.679183
-0.105846 -0.708571 -0.117005 0.687775
-0.121282 -0.710352 -0.109666 0.684591
-0.124421 -0.712305 -0.104721 0.68277
-0.136218 -0.708104 -0.106194 0.684657
-0.1173 -0.711518 -0.117877 0.682706
-0.117307 -0.709702 -0.134247 0.681571
-0.106793 -0.713044 -0.128814 0.68086
-0.106833 -0.707412 -0.126777 0.687082
-0.108884 -0.713527 -0.127847 0.680205
-0.105844 -0.711596 -0.108095 0.686108
-0.121874 -0.708493 -0.0735163 0.691216
-0.107415 -0.716571 -0.0905267 0.683222
-0.0871389 -0.711536 -0.0876884 0.69169
0.0309014 0.720064 0.039502 -0.692093
-0.10961 0.674309 0.111531 0.721703
-0.111462 0.684442 0.103142 0.713076
-0.112639 0.678121 0.0960311 0.719891
-0.107079 0.681045 0.0949591 0.718119
-0.102287 0.691603 0.103698 0.707438
-0.100711 0.68157 0.101883 0.717593
-0.104914 0.678686 0.116395 0.717517
-0.107957 0.689233 0.0981128 0.709702
-0.119352 0.690966 0.0940819 0.706732
-0.10344 0.690441 0.103521 0.708431
-0.112357 0.688593 0.102073 0.709082
-0.112266 0.687027 0.0873851 0.712569
-0.107136 0.681982 0.0974767 0.716883
-0.104943 0.677189 0.0892013 0.722803
-0.117853 0.678168 0.0883172 0.72
-0.131467 0.676525 0.0948316 0.718358
-0.123092 0.683604 0.103388 0.71193
-0.116868 0.684372 0.121098 0.709445
-0.123901 0.684619 0.114946 0.709037
-0.123636 0.68152 0.100733 0.714211
-0.120234 0.684447 0.111625 0.710364
-0.124707 0.674916 0.10916 0.719042
-0.120547 0.68271 0.102366 0.71337
-0.116503 0.680759 0.106421 0.715311
-0.122687 0.686563 0.110862 0.708017
-0.132347 0.683243 0.114136 0.708969
-0.113473 0.676665 0.10615 0.719709
-0.117119 0.682947 0.108536 0.712802
-0.10735 0.679886 0.129966 0.71368
-0.114108 0.678482 0.10953 0.717388
-0.116971 0.682433 0.112255 0.712743
-0.122769 0.682437 0.10773 0.712462
-0.113513 0.686929 0.113748 0.708735
-0.111367 0.684802 0.0976746 0.713515
-0.110321 0.686052 0.106099 0.71127
-0.120661 0.687522 0.104517 0.7084
-0.114065 0.68392 0.105071 0.712883
-0.112705 0.682278 0.104157 0.714805
-0.121308 0.68371 0.10421 0.712015
-0.132418 0.685305 0.113694 0.707033
-0.117352 0.679183 0.11377 0.715539
-0.117005 0.687775 0.105846 0.708571
-0.109666 0.684591 0.121282 0.710352
-0.104721 0.68277 0.124421 0.712305
-0.106194 0.684657 0.136218 0.708104
-0.117877 0.682706 0.1173 0.711518
-0.134247 0.681571 0.117307 0.709702
-0.128814 0.68086 0.106793 0.713044
-0.126777 0.687082 0.106833 0.707412
-0.127847 0.680205 0.108884 0.713527
-0.108095 0.686108 0.105844 0.711596
-0.0735163 0.691216 0.121874 0.708493
-0.0905267 0.683222 0.107415 0.716571
-0.0876884 0.69169 0.0871389 0.711536
-0.698665 0.057584 0.702314 0.123724
-0.717419 -0.0849199 0.691375 -0.0100308
-0.00203058 0.720685 -0.0152622 -0.693092
-0.116145 -0.714298 -0.100051 0.682846
-0.114198 -0.711393 -0.12188 0.682659
-0.122499 -0.701904 -0.108282 0.693254
-0.117714 -0.71176 -0.119542 0.682093
-0.143323 -0.707824 -0.118025 0.681553
-0.145985 -0.712666 -0.10587 0.677928
-0.123908 -0.707213 -0.10469 0.68814
-0.138773 -0.710606 -0.128143 0.677761
-0.179124 -0.697126 -0.162416 0.674945
-0.269641 -0.666189 -0.264987 0.642859
-0.702491 0.0681971 0.702355 0.0924844
-0.709627 -0.0738717 0.699206 -0.0456564
-0.688566 -0.133057 0.69811 -0.144277
-0.164874 -0.697007 -0.142408 0.683167
-0.177667 -0.695086 -0.156257 0.678877
-0.140274 -0.707521 -0.127282 0.680836
-0.122973 -0.705992 -0.11867 0.687292
-0.140262 -0.706341 -0.12487 0.682507
-0.179093 -0.691999 -0.151991 0.682615
-0.25904 -0.667829 -0.243758 0.653823
0.00229428 0.712694 0.00703349 -0.701436
-0.110942 -0.714954 -0.116794 0.680361
-0.11833 -0.705694 -0.127608 0.686812
-0.119162 -0.716329 -0.101534 0.679973
-0.129166 -0.70535 -0.113884 0.687625
-0.139789 -0.707922 -0.125512 0.680847
-0.146096 -0.707927 -0.129314 0.678803
-0.176179 -0.697398 -0.177034 0.671756
-0.227871 -0.677858 -0.229119 0.66037
-0.377324 -0.60133 -0.388043 0.587751
-0.210375 0.805963 -0.527552 0.166897
-0.689717 0.115068 -0.707568 -0.101967
-0.67521 0.136835 -0.710527 -0.143246
-0.67321 0.149168 -0.707278 -0.155872
-0.682323 0.13236 -0.703694 -0.147413
-0.677632 0.12496 -0.710928 -0.140644
-0.68292 0.129307 -0.70402 -0.145798
-0.679027 0.130349 -0.705615 -0.155044
-0.671193 0.126626 -0.717271 -0.137798
-0.674555 0.107562 -0.717246 -0.137712
-0.683347 0.108907 -0.710174 -0.12973
-0.677068 0.111704 -0.7184 -0.114027
-0.678641 0.102681 -0.718257 -0.114062
-0.679227 0.109305 -0.715859 -0.119371
-0.675674 0.128984 -0.715501 -0.122012
-0.674392 0.124633 -0.715563 -0.132784
-0.67728 0.142801 -0.71063 -0.126113
-0.671261 0.124691 -0.721718 -0.113951
-0.665766 0.118066 -0.726891 -0.120191
-0.676195 0.14704 -0.712932 -0.113436
-0.675531 0.11229 -0.719794 -0.11378
-0.670571 0.125567 -0.72222 -0.113863
-0.690996 0.148287 -0.700374 -0.10006
-0.670883 0.137637 -0.719845 -0.113121
-0.669611 0.126189 -0.72174 -0.121613
-0.676329 0.146602 -0.712444 -0.116236
-0.668997 0.138509 -0.720971 -0.116013
-0.665532 0.120262 -0.72566 -0.126578
-0.675902 0.141527 -0.71518 -0.10791
-0.684735 0.111416 -0.71402 -0.0943424
-0.676104 0.126444 -0.716212 -0.118048
-0.682861 0.123247 -0.709463 -0.123182
-0.68529 0.120205 -0.706531 -0.129395
-0.687866 0.128399 -0.706568 -0.105431
-0.680815 0.0984843 -0.719958 -0.0919336
-0.681165 0.141552 -0.706877 -0.127682
-0.681503 0.131727 -0.708491 -0.127443
-0.671973 0.133597 -0.71792 -0.123266
-0.686073 0.149214 -0.704816 -0.101364
-0.687821 0.130098 -0.707027 -0.100446
-0.682406 0.129963 -0.711265 -0.107396
-0.683748 0.151487 -0.706042 -0.105093
-0.671014 0.129234 -0.720748 -0.116457
-0.68856 0.0921095 -0.713464 -0.0914865
-0.692899 0.138102 -0.699999 -0.10402
-0.695735 0.139975 -0.698275 -0.0936636
-0.683752 0.132684 -0.709974 -0.103996
-0.688083 0.149 -0.704099 -0.0926596
-0.693189 0.135348 -0.700676 -0.101109
-0.688854 0.111183 -0.710341 -0.0923746
-0.680091 0.1465 -0.706556 -0.129588
-0.673057 0.209895 -0.682577 -0.192426
-0.613475 0.321597 -0.65211 -0.308183
-0.689302 0.150508 0.683908 0.185688
-0.709607 -0.173222 0.665724 -0.152524
-0.717993 -0.20039 0.645612 -0.165874
-0.721283 -0.133824 0.673379 -0.0916704
-0.717999 -0.117121 0.678092 -0.104652
-0.718017 -0.0638191 0.690801 -0.0563189
-0.73393 0.0986406 0.662895 0.110395
-0.686817 0.219795 0.653015 0.231398
-0.0920628 0.696949 -0.122801 -0.700504
0.00290255 0.716365 -0.0180549 -0.697486
-0.0564042 -0.708126 -0.0278013 0.70328
0.0800256 0.729595 0.0414393 -0.677916
-0.0719017 -0.713948 -0.0637522 0.693573
-0.247811 -0.679135 -0.228732 0.651957
-0.157478 -0.715137 -0.144798 0.665442
-0.140712 -0.706557 -0.100739 0.68617
-0.713022 0.082984 0.688894 0.100693
-0.72097 -0.0413456 0.691061 -0.0304581
-0.181524 -0.695773 -0.162304 0.675726
-0.109564 -0.714186 -0.0945294 0.684835
0.00179484 0.709707 -0.0254018 -0.704036
-0.101736 0.69276 -0.120748 -0.703672
0.0435629 0.718857 0.0144489 -0.693641
-0.0782812 -0.710073 -0.0608181 0.697116
-0.125064 -0.700494 -0.106798 0.69445
-0.194813 -0.686319 -0.171103 0.679514
-0.289538 -0.647472 -0.270118 0.65114
-0.666201 0.161977 -0.708781 -0.166039
-0.621132 0.292522 -0.665937 -0.291812
-0.680415 0.137116 -0.709977 -0.119022
-0.687831 0.114282 -0.709255 -0.103854
-0.685582 0.121738 -0.710873 -0.0990791
-0.683932 0.106784 -0.717826 -0.0745651
-0.687431 0.0820348 -0.716609 -0.084739
-0.676982 0.0770672 -0.727271 -0.0826647
-0.689543 0.124921 -0.705186 -0.107881
-0.670067 0.186288 -0.698151 -0.16998
-0.64116 0.265655 -0.666168 -0.273061
-0.717271 -0.137798 0.671193 -0.126626
-0.717246 -0.137712 0.674555 -0.107562
-0.710174 -0.12973 0.683347 -0.108907
-0.7184 -0.114027 0.677068 -0.111704
-0.718257 -0.114062 0.678641 -0.102681
-0.715859 -0.119371 0.679227 -0.109305
-0.715501 -0.122012 0.675674 -0.128984
-0.715563 -0.132784 0.674392 -0.124633
-0.71063 -0.126113 0.67728 -0.142801
-0.721718 -0.113951 0.671261 -0.124691
-0.726891 -0.120191 0.665766 -0.118066
-0.712932 -0.113436 0.676195 -0.14704
-0.719794 -0.11378 0.675531 -0.11229
-0.72222 -0.113863 0.670571 -0.125567
-0.700374 -0.10006 0.690996 -0.148287
-0.719845 -0.113121 0.670883 -0.137637
-0.72174 -0.121613 0.669611 -0.126189
-0.712444 -0.116236 0.676329 -0.146602
-0.720971 -0.116013 0.668997 -0.138509
-0.72566 -0.126578 0.665532 -0.120262
-0.71518 -0.10791 0.675902 -0.141527
-0.71402 -0.0943424 0.684735 -0.111416
-0.716212 -0.118048 0.676104 -0.126444
-0.709463 -0.123182 0.682861 -0.123247
-0.706531 -0.129395 0.68529 -0.120205
-0.706568 -0.105431 0.687866 -0.128399
-0.719958 -0.0919336 0.680815 -0.0984843
-0.706877 -0.127682 0.681165 -0.141552
-0.708491 -0.127443 0.681503 -0.131727
-0.71792 -0.123266 0.671973 -0.133597
-0.704816 -0.101364 0.686073 -0.149214
-0.707027 -0.100446 0.687821 -0.130098
-0.711265 -0.107396 0.682406 -0.129963
-0.706042 -0.105093 0.683748 -0.151487
-0.720748 -0.116457 0.671014 -0.129234
-0.713464 -0.0914865 0.68856 -0.0921095
-0.699999 -0.10402 0.692899 -0.138102
-0.698275 -0.0936636 0.695735 -0.139975
-0.709974 -0.103996 0.683752 -0.132684
-0.704099 -0.0926596 0.688083 -0.149
-0.700676 -0.101109 0.693189 -0.135348
-0.710341 -0.0923746 0.688854 -0.111183
-0.706556 -0.129588 0.680091 -0.1465
-0.682577 -0.192426 0.673057 -0.209895
-0.65211 -0.308183 0.613475 -0.321597
0.0244996 0.728234 0.00865678 -0.684836
-0.0765194 -0.718963 -0.0463561 0.689266
-0.10506 -0.724553 -0.094834 0.674531
-0.110063 -0.711288 -0.0851632 0.688987
-0.10723 -0.716506 -0.0807988 0.684538
-0.127485 -0.711836 -0.109049 0.682015
-0.169401 -0.697583 -0.144582 0.681012
-0.214917 -0.686916 -0.181963 0.669961
-0.344817 -0.629638 -0.318256 0.619169
-0.608545 -0.36659 0.576454 -0.403714
-0.678433 -0.248965 0.638427 -0.264871
-0.72709 -0.0421073 0.684127 -0.0392152
-0.708781 -0.166039 0.666201 -0.161977
-0.665937 -0.291812 0.621132 -0.292522
-0.614727 -0.382121 0.566928 -0.393303
-0.69856 -0.149576 0.683533 -0.149747
-0.713871 -0.118311 0.677769 -0.130464
-0.708609 -0.112382 0.688889 -0.103324
-0.71709 -0.100036 0.68573 -0.0744933
-0.707867 0.124764 0.685309 0.117087
-0.164894 -0.701727 -0.171457 0.671559
-0.280017 -0.652192 -0.316965 0.629102
-0.111999 -0.708038 -0.0995416 0.690094
-0.0909615 -0.710329 -0.119033 0.687742
-0.101087 -0.703479 -0.141026 0.68921
-0.0976734 -0.716202 -0.119864 0.680549
-0.106192 -0.710914 -0.123217 0.684209
-0.126893 -0.708762 -0.123959 0.682781
-0.116985 -0.708539 -0.118074 0.685817
-0.114498 -0.712815 -0.11884 0.681661
-0.114319 -0.706325 -0.117015 0.688726
-0.118438 -0.711756 -0.136821 0.678717
-0.0935669 -0.714982 -0.108932 0.684237
-0.114149 0.710126 -0.0990233 -0.687667
-0.016016 0.712188 0.0036675 -0.701797
-0.112813 -0.709409 -0.132217 0.683031
-0.121556 -0.700786 -0.141427 0.688565
-0.108761 -0.713131 -0.133759 0.679503
-0.0254018 -0.704036 -0.00179484 -0.709707
0.0144489 -0.693641 -0.0435629 -0.718857
-0.0608181 0.697116 0.0782812 0.710073
-0.106798 0.69445 0.125064 0.700494
-0.691061 0.0304581 -0.72097 -0.0413456
-0.692387 0.0301965 -0.720236 -0.0308068
-0.696108 0.0495292 -0.714879 -0.0439229
-0.688634 0.0443774 -0.719599 -0.0774063
-0.695387 0.0665231 -0.708829 -0.0978364
-0.693181 0.0579223 -0.714018 -0.0795178
-0.695342 0.0672624 -0.71301 -0.0599394
-0.690739 0.0796856 -0.716704 -0.0535253
-0.685209 0.0970466 -0.71595 -0.0921207
-0.683942 -0.0365987 -0.72735 0.0429613
-0.669476 -0.209985 -0.686188 0.191976
-0.261888 -0.651262 0.236625 -0.671774
0.0425917 -0.693178 -0.0180553 -0.71928
-0.686849 0.0842114 -0.720385 -0.0468273
-0.6774 0.142752 -0.710226 -0.127791
-0.675485 0.123236 -0.719187 -0.106315
-0.679834 0.146372 -0.705415 -0.137077
-0.675971 0.127065 -0.715824 -0.120474
-0.676979 0.116018 -0.715215 -0.129255
-0.671215 0.120157 -0.721581 -0.119808
-0.681174 0.125974 -0.710631 -0.123029
-0.671586 0.119644 -0.725381 -0.0920844
-0.677317 0.0695434 -0.728778 -0.0727182
-0.68142 -0.056468 -0.729275 0.0252343
-0.638117 -0.247652 -0.689021 0.238173
-0.25535 -0.647813 0.220997 -0.682858
-0.113614 -0.701202 0.0732887 -0.700026
-0.0355859 0.719009 0.075219 0.690001
-0.182813 0.665417 0.182546 0.700341
-0.0883184 0.689634 0.101023 0.711617
-0.0462566 0.687159 0.0636836 0.72223
-0.682293 0.134803 -0.709871 -0.111295
-0.671086 0.118324 -0.714809 -0.157134
-0.681028 0.116061 -0.71584 -0.101509
-0.688609 0.115554 -0.70798 -0.105972
-0.671313 0.162566 -0.706851 -0.152554
-0.634681 0.293102 -0.65435 -0.288267
-0.118619 0.681312 0.0788175 0.718006
-0.0257523 -0.683192 0.0416983 -0.728592
-0.182941 -0.66507 0.193496 -0.697692
-0.251109 -0.665881 0.226039 -0.665172
-0.0180549 -0.697486 -0.00290255 -0.716365
-0.214902 0.767456 -0.58297 0.158035
-0.214902 0.767456 -0.58297 0.158035
-0.695606 0.123585 -0.704075 -0.0716689
-0.68501 0.120155 -0.712989 -0.0892776
-0.687598 0.109251 -0.708774 -0.113637
-0.686517 0.0943262 -0.712078 -0.112878
-0.689035 0.0968935 -0.708614 -0.117081
-0.698914 0.123145 -0.697013 -0.102605
-0.685987 0.106341 -0.713969 -0.0914399
-0.688966 0.112656 -0.706844 -0.114041
-0.687483 0.099358 -0.710369 -0.113454
-0.690239 0.111107 -0.702737 -0.13186
-0.68043 0.12071 -0.711208 -0.128951
-0.691206 -0.191841 0.667711 -0.198982
-0.106192 -0.710914 -0.123217 0.684209
-0.126893 -0.708762 -0.123959 0.682781
-0.116985 -0.708539 -0.118074 0.685817
-0.114498 -0.712815 -0.11884 0.681661
-0.114319 -0.706325 -0.117015 0.688726
-0.118438 -0.711756 -0.136821 0.678717
-0.106939 -0.714149 -0.12732 0.67996
-0.0935669 -0.714982 -0.108932 0.684237
0.0255852 0.7187 0.0298998 -0.694206
-0.114149 0.710126 -0.0990233 -0.687667
0.0180553 0.71928 0.0425917 -0.693178
-0.123089 -0.7149 -0.12705 0.67648
-0.12755 -0.716211 -0.107993 0.677577
-0.125458 -0.725686 -0.112765 0.667026
-0.117113 -0.723304 -0.0951862 0.673837
-0.128471 -0.717527 -0.115636 0.674743
-0.110324 -0.716844 -0.0973726 0.681529
-0.110892 -0.717021 -0.105175 0.68009
-0.0990046 -0.71378 -0.105534 0.685259
-0.104848 -0.711352 -0.122141 0.684154
-0.104776 -0.718387 -0.119276 0.677285
-0.156044 -0.702297 -0.152397 0.677646
-0.231784 -0.682971 -0.219348 0.657049
-0.0858954 -0.719841 -0.085651 0.683458
-0.0792288 -0.712614 -0.101017 0.68971
-0.0988081 -0.722024 -0.0801058 0.680075
-0.105308 -0.715174 -0.100358 0.683641
-0.105939 -0.720706 -0.0955264 0.678406
-0.116822 -0.711592 -0.0945378 0.686332
-0.104119 -0.709799 -0.105967 0.688561
-0.101765 -0.715808 -0.104621 0.682875
-0.100126 -0.714388 -0.125002 0.681175
-0.10349 -0.721701 -0.0968845 0.677533
-0.0958792 0.676791 0.0993542 0.723111
-0.0722546 0.688096 0.0912132 0.716229
-0.0561313 0.686095 0.0966742 0.718872
-0.0648295 0.678533 0.0785312 0.727477
-0.0521435 0.686153 0.0811767 0.721031
-0.0636239 0.691891 0.062615 0.716462
-0.0656057 0.693586 0.0566792 0.715138
-0.0617807 0.703989 0.0601159 0.70496
-0.0710547 0.701469 0.0777765 0.704871
-0.0736586 0.676104 0.0865424 0.727989
-0.0717664 0.680619 0.0781531 0.724914
-0.0784021 0.673753 0.0952181 0.72859
-0.0820508 0.677878 0.105603 0.722909
-0.146119 0.683173 0.131807 0.703243
-0.122511 0.6749 0.178158 0.705522
-0.129342 0.676232 0.164851 0.706262
-0.104172 0.676488 0.138016 0.715866
-0.104927 0.681231 0.141947 0.710469
-0.0965278 0.677144 0.140976 0.71574
-0.101865 0.675497 0.129919 0.718644
-0.0948503 0.678898 0.132479 0.715926
-0.0855216 0.681675 0.111604 0.718018
-0.0907381 0.68514 0.0847664 0.71775
-0.118738 0.687255 0.0954214 0.710266
-0.109881 0.683167 0.0889007 0.716454
-0.0811414 0.68605 0.0758179 0.71903
-0.0980464 0.686576 0.0984691 0.713656
-0.111186 0.682309 0.110252 0.714099
-0.131321 0.690026 0.0968523 0.705151
-0.152878 0.677394 0.135925 0.706605
-0.149884 0.675707 0.171202 0.701174
-0.162197 0.662987 0.199963 0.702961
-0.176774 0.661125 0.206222 0.699384
-0.203063 0.654762 0.225673 0.692188
-0.204077 0.646296 0.195797 0.708744
-0.130856 0.665452 0.122862 0.724539
-0.684546 0.0539774 -0.726327 -0.030538
-0.671698 0.129869 -0.718234 -0.126871
-0.669728 0.139373 -0.714623 -0.146129
-0.665349 0.122539 -0.724419 -0.132332
-0.0730272 -0.717407 -0.0616563 0.690067
-0.126503 -0.716737 -0.12851 0.673625
-0.136053 -0.709917 -0.106352 0.682786
-0.140848 -0.708646 -0.104763 0.68338
-0.151139 -0.716807 -0.0924664 0.674385
-0.146293 -0.704996 -0.114523 0.684444
-0.0916281 -0.715543 -0.081117 0.687766
-0.109325 -0.709499 -0.112156 0.687081
-0.0907297 -0.720652 -0.0930147 0.681012
-0.0843219 -0.71792 -0.0845696 0.685805
-0.129919 -0.718644 -0.101865 0.675497
-0.132479 -0.715926 -0.0948503 0.678898
-0.111604 -0.718018 -0.0855216 0.681675
-0.0847664 -0.71775 -0.0907381 0.68514
-0.0954214 -0.710266 -0.118738 0.687255
-0.0889007 -0.716454 -0.109881 0.683167
-0.0758179 -0.71903 -0.0811414 0.68605
-0.0984691 -0.713656 -0.0980464 0.686576
-0.110252 -0.714099 -0.111186 0.682309
-0.0968523 -0.705151 -0.131321 0.690026
-0.135925 -0.706605 -0.152878 0.677394
-0.171202 -0.701174 -0.149884 0.675707
-0.199963 -0.702961 -0.162197 0.662987
-0.206222 -0.699384 -0.176774 0.661125
-0.225673 -0.692188 -0.203063 0.654762
-0.227921 -0.699949 -0.230837 0.636269
-0.195797 -0.708744 -0.204077 0.646296
-0.122862 -0.724539 -0.130856 0.665452
-0.0770894 -0.714542 -0.0872699 0.689834
-0.0852743 -0.712247 -0.100484 0.689446
-0.0993542 -0.723111 -0.0958792 0.676791
-0.0912132 -0.716229 -0.0722546 0.688096
-0.0966742 -0.718872 -0.0561313 0.686095
-0.0785312 -0.727477 -0.0648295 0.678533
-0.0811767 -0.721031 -0.0521435 0.686153
-0.062615 -0.716462 -0.0636239 0.691891
-0.0566792 -0.715138 -0.0656057 0.693586
-0.0601159 -0.70496 -0.0617807 0.703989
-0.0777765 -0.704871 -0.0710547 0.701469
-0.0865424 -0.727989 -0.0736586 0.676104
-0.0781531 -0.724914 -0.0717664 0.680619
-0.68786 0.110693 -0.708683 -0.111192
-0.68737 0.100617 -0.712271 -0.100344
-0.686038 0.11092 -0.711245 -0.105732
-0.69156 0.111829 -0.706975 -0.097089
-0.689256 0.122189 -0.70721 -0.0992432
-0.688671 0.0879471 -0.713547 -0.0940682
-0.726327 -0.030538 0.684546 -0.0539774
-0.117014 -0.712816 -0.0932807 0.685201
0.00909636 0.711638 -0.00608233 -0.702461
-0.152727 -0.695989 -0.156006 0.684059
-0.30493 -0.652857 -0.293464 0.628231
-0.702574 -0.12856 0.684004 -0.148328
-0.677847 0.236591 0.652707 0.241913
-0.707498 0.182595 0.658303 0.180951
0.158828 -0.515087 -0.813961 0.216626
-0.691206 -0.191841 0.667711 -0.198982
-0.667762 0.245248 0.655446 0.25365
-0.712179 0.113997 0.683593 0.111833
-0.72709 -0.0421073 0.684127 -0.0392152
-0.666195 -0.254252 0.643103 -0.27921
-0.69856 -0.149576 0.683533 -0.149747
-0.713871 -0.118311 0.677769 -0.130464
-0.708609 -0.112382 0.688889 -0.103324
-0.112813 -0.709409 -0.132217 0.683031
-0.121556 -0.700786 -0.141427 0.688565
-0.108761 -0.713131 -0.133759 0.679503
-0.139133 -0.706686 -0.144488 0.678498
-0.164499 -0.7064 -0.164489 0.668493
-0.263218 -0.674909 -0.265094 0.636348
-0.0999106 -0.719618 -0.0889154 0.681367
-0.0891993 -0.719989 -0.0932865 0.681878
-0.110011 -0.708507 -0.117969 0.687022
-0.10553 -0.71813 -0.103463 0.680035
-0.117175 -0.708941 -0.0977898 0.688556
-0.121293 -0.709553 -0.109473 0.685447
-0.156278 -0.694274 -0.162297 0.683535
-0.261003 -0.658581 -0.27184 0.651346
-0.703545 0.0163143 0.70759 0.0638365
-0.722748 -0.0952852 0.682988 -0.0456344
-0.0420296 -0.703896 0.0145839 0.708908
-0.202749 -0.699192 -0.139516 0.671237
-0.327245 -0.655071 -0.262733 0.628303
-0.137607 -0.71664 -0.121125 0.672919
-0.120408 -0.716233 -0.132278 0.674548
-0.0416983 0.728592 -0.0257523 -0.683192
-0.378749 -0.606403 0.345422 -0.607872
-0.279491 -0.652178 0.245019 -0.660692
-0.150584 -0.691968 0.118007 -0.696117
-0.655231 -0.260802 -0.664862 0.246197
-0.643939 -0.280108 -0.668925 0.243764
-0.629113 -0.325734 -0.642722 0.291587
-0.576704 -0.408878 -0.594894 0.382534
-0.0152622 -0.693092 0.00203058 -0.720685
-0.108282 0.693254 0.122499 0.701904
-0.119542 0.682093 0.117714 0.71176
-0.656826 0.235923 -0.673331 -0.244019
-0.650599 0.249294 -0.679858 -0.228838
-0.6507 0.272539 -0.65956 -0.259409
-0.0702122 -0.684804 0.0646605 -0.722449
-0.0616563 0.690067 0.0730272 0.717407
-0.106352 0.682786 0.136053 0.709917
-0.104763 0.68338 0.140848 0.708646
-0.0924664 0.674385 0.151139 0.716807
-0.114523 0.684444 0.146293 0.704996
-0.081117 0.687766 0.0916281 0.715543
-0.688026 0.135323 -0.703898 -0.113295
-0.0983472 0.687181 0.0782316 0.715535
-0.0963107 0.69141 0.0849015 0.710963
-0.085651 0.683458 0.0858954 0.719841
-0.70421 -0.0947203 0.695824 -0.104614
-0.707568 -0.101967 0.689717 -0.115068
-0.710527 -0.143246 0.67521 -0.136835
-0.707278 -0.155872 0.67321 -0.149168
-0.703694 -0.147413 0.682323 -0.13236
-0.0636836 -0.72223 -0.0462566 0.687159
-0.102672 -0.707137 -0.0928228 0.693397
-0.0624516 -0.716132 -0.0553493 0.692958
-0.0593677 0.71367 -0.0677801 -0.694663
-0.191607 0.682558 -0.194176 -0.678009
-0.668051 0.11657 -0.724364 -0.124161
-0.628134 0.281314 -0.671715 -0.274062
-0.110011 -0.708507 -0.117969 0.687022
-0.10553 -0.71813 -0.103463 0.680035
-0.117175 -0.708941 -0.0977898 0.688556
-0.121293 -0.709553 -0.109473 0.685447
-0.156278 -0.694274 -0.162297 0.683535
-0.261003 -0.658581 -0.27184 0.651346
-0.105603 -0.722909 -0.0820508 0.677878
-0.131807 -0.703243 -0.146119 0.683173
-0.155925 -0.716182 -0.145587 0.664511
-0.178158 -0.705522 -0.122511 0.6749
-0.164851 -0.706262 -0.129342 0.676232
-0.138016 -0.715866 -0.104172 0.676488
-0.680937 0.111835 -0.713985 -0.118508
-0.635329 0.254276 -0.683615 -0.253715
-0.116095 -0.718642 -0.0999242 0.6783
-0.071421 -0.719464 -0.0655368 0.687733
-0.00437667 0.727894 -0.0180608 -0.685438
