7319.21 -4675.86 414.591
7048.17 -4425.3 427.487
7099.75 -6090.82 451.3
7309.61 -6300.95 435.285
7535.61 -6366.23 438.188
6880.13 -1851.66 445.695
7278.48 -1697.46 433.827
8010.78 -1475.18 433.806
8763.82 -1244.23 443.786
9131.18 -1102.08 435.346
9552.41 -975.396 455.677
10553.4 -5442.18 452.669
13830.4 -1766.96 435.37
14270.9 -1756.27 432.795
14663.7 -1734.98 450.482
15155.6 -1647.35 449.319
15687.8 -1493.12 458.518
16069.1 -1424.27 461.847
16411.3 -1335.7 451.409
16777.8 -1208.77 452.387
17152 -1073.31 457.784
17501.1 -953.01 448.1
17906.1 -824.647 459.833
18268.4 -698.262 458.877
18636.6 -561.362 456.633
19087.8 -415.1 453.454
19473.8 -332.514 447.507
19910.4 -235.593 438.772
20368.8 -80.0624 451.141
20757.1 14.6188 445.727
21161.7 100.341 456.337
21558.6 213.548 452.574
21941.1 333.926 440.96
22360.6 438.623 450.156
22723 569.621 435.773
23131.8 694.516 440.412
23569.7 825.148 453.308
23911.4 953.181 438.342
24690.1 1189.06 452.495
25103.8 1290.15 452.956
25508.7 1391.14 449.033
25859 1480.36 436.531
26264.9 1655.34 448.088
27035.3 1913.79 450.09
27441.2 2023.1 459.363
27778.1 2141.05 444.512
28165.2 2227.5 445.121
28549 2322.63 448.238
28907 2463.65 442.78
29306.3 2605.97 458.077
29678 2741.06 460.476
30171.2 2900.38 448.991
30527.5 3009.46 450.929
30875.5 3088.86 440.002
31296.4 3240.38 448.321
31712.7 3383.37 459.495
32084.7 3479.43 451.524
32473.3 3600.75 462.279
33348.8 3729.96 453.092
33754.5 3787.67 465.339
34106.1 3925.84 464.986
34631.9 4087.44 461.252
35007.1 4194.05 459.02
35364.4 4309.48 463.861
35876.7 4462.82 468.721
36396.4 4615.16 454.332
36788.7 4709.78 447.454
37188.8 4806.84 454.037
37541.1 4909.49 447.94
37925.6 5017.41 448.196
38349.3 5118.32 461.787
38720.4 5221.74 455.613
39105.1 5331.59 459.315
39492.1 5398.42 463.188
40028.8 5547.35 455.304
40399 5667.1 454.1
40767 5777.26 462.93
41262.7 6001.01 457.647
32167 8504.12 424.505
31818.8 8494.35 425.83
24138.5 10586 426.897
23752.5 10518.3 448.189
22916.3 10351.4 421.886
22440.4 10244.4 421.52
21982.3 10118 423.273
21505.7 9985.86 425.202
21159 9909.47 426.251
20692.4 9791.49 421.546
20269.4 9680.22 425.256
19782.3 9587.92 427.407
19334.7 9466.65 425.999
14152.4 7994.08 427.194
26046.5 5248.04 435.92
25563.3 6992.88 440.477
25443.2 7487.45 437.127
28114.2 7232.74 419.782
28259.6 7049.71 420.965
29762 10212.5 450.172
30760.2 8295.13 420.502
31171.6 8292.82 443.665
31577.2 8305.9 452.455
18746.1 4847.14 444.297
19230.1 4826.2 440.414
26098.3 5212.87 452.126
25616 6959.78 457.933
9943.34 4269.92 426.748
9753.15 4346.95 437.71
9371.86 4300.92 441.145
8962.2 4201.8 433.744
7444.26 3616.95 460.453
7870.78 3756.62 462.379
8230.69 3889.02 449.216
8600.7 4006.62 445.15
8996.3 4017.81 445.988
9244.61 3863.73 433.947
-12780.1 31354.1 450.748
-11464.4 32204.4 416.535
-11125.9 32355 451.825
-10749.7 32522.5 449.742
-10411.4 32697.8 447.495
-9993.52 32796.1 443.86
-9620.31 32920.8 447.317
-9144.63 33070.9 460.045
-8758.72 33247.3 454.022
-8409.22 33363.8 459.896
-7988.32 33508 453.593
-7624.46 33632.7 452.796
-7202.28 33778.2 452.102
-6428.4 33913 459.797
-6077.52 33886.4 448.743
-5607.08 33863.4 458.082
-5221.9 33911.3 456.916
-4832.43 33970.6 445.867
1176.56 1319.48 428.146
1558.69 1644.2 419.812
1845.42 1861.85 429.34
2248.47 2124.23 429.246
2669.05 2308.11 429.562
3061.08 2483.94 424.03
3448.04 2611.74 417.228
3864.5 2735.13 424.134
-826.732 -712.119 439.679
5718.96 3872.09 451.982
4632.2 3010.17 452.167
4203.22 2833.01 462.294
3815.81 2724.88 455.675
3400.2 2596.16 459.748
2983.1 2446.87 456.431
10794.7 -625.273 437.816
10383.1 -759.659 435.628
9899.35 -961.989 433.739
3973.99 -3300.19 448.542
4162.1 -2957.59 442.86
4446.09 -2656.38 438.123
5734.19 -2773.43 455.197
5848.87 -2420.94 444.803
6093.93 -2122.21 452.518
6530.03 -1970.37 438.511
6880.13 -1851.66 445.695
7278.48 -1697.46 433.827
7650.88 -1587.45 438.038
8010.78 -1475.18 433.806
8384.17 -1362.56 437.893
8763.82 -1244.23 443.786
9131.18 -1102.08 435.346
9552.41 -975.396 455.677
43848.1 12620.7 426.984
43754.4 12485.9 427.481
43694.4 12338.2 417.881
43733.6 12184.5 416.946
44435 12600.2 424.624
44735.4 12893.9 433.702
45073.1 13036.3 429.632
46744.6 12372.8 432.352
46514.3 13000.2 447.658
46257.8 13282.7 450.04
45854.1 13318.4 438.374
45416.8 13233.5 438.793
45054.8 13118.8 438.236
44691.2 13038.8 437.451
-5891.37 33844.1 423.517
-6247.31 33775.6 439.369
-6595.5 33737.2 443.503
-7062.74 33592.6 442.872
-7563.11 33417.2 438.467
-8027.07 33251.8 437.429
-8509.96 33085.6 445.982
-8966.19 32914.6 447.739
-9422.02 32766.2 451.631
-9770.86 32657.8 443.586
-10223.8 32501.4 447.719
-10651.3 32370.9 450.364
-11007.9 32173.3 447.484
-11364.3 31936.1 448.598
-11717.8 31757.6 449.103
-12112.9 31611.3 455.005
-12490.4 31509.6 450.461
-1802.78 -1995.16 442.826
-2146.49 -2096.18 451.855
-2528.13 -2197.07 446.725
-2767.61 -2453.95 442.261
-2999.63 -2761.56 439.513
-3334.12 -3062.82 442.031
-3638.86 -3234.96 439.8
-4031.9 -3363.83 453.306
-4388.7 -3484.77 450.694
-4769.72 -3600.31 447.367
-5126.99 -3736.82 442.742
-5511.91 -3829.61 437.867
-5864.93 -3925.63 441.396
-6321.33 -4009.68 453.344
35527.5 11923.2 457.418
35045 11835.3 464.501
33527.6 11457.5 435.831
33107.3 11284.6 466.004
32775.2 11160.2 458.047
32324.8 10983.2 469.934
8797.76 -1191.4 428.309
9169.22 -1051.78 421.1
9595.79 -930.056 440.057
9783.98 -794.677 430.559
11321.4 -393.984 458.384
10828.1 -572.381 454.071
10416.3 -706.417 451.435
9938.09 -912.537 449.066
9431.75 -1037.53 449.178
9072.24 -1188.91 455.144
42181.5 34094.5 431.177
40794.3 34386.5 430.508
40354.5 34213.2 426.061
39985.4 34110.7 435.055
39490.5 33971.3 435.94
38878.2 33812.9 445.461
38461.2 33672.8 436.21
38121.5 33600.2 433.162
37634.2 33464.7 432.872
37288.6 33370.4 439.229
36819.4 33222.5 440.512
36354.6 33086 439.069
35912.3 32981 439.917
35417.5 32913.7 433.386
34902.4 32810 438.954
34424.1 32739.4 428.807
33958.7 32627.1 432.79
33561 32481.2 422.682
33112.9 32398.2 423.287
31073.4 34790.4 438.009
31032.4 33470.9 455.631
33836.8 11389.8 436.94
24169.2 10641.1 441.121
23784.1 10571.6 466.701
23431.9 10520.9 422.214
22951.2 10404 435.634
22474.1 10298 434.569
22015.4 10172 436.548
21539.6 10039.2 438.846
21193.5 9962.35 440.23
20724.7 9845.92 434.811
20302.2 9734.25 438.941
19813.4 9642.78 441.619
19362.2 9523.42 440.213
2597.77 -6978.09 415.255
2803.73 -7183.08 420.496
4830.8 -5371.34 441.693
4636.18 -5684.73 459.103
3612.48 -6199.34 443.784
3292.45 -6202.71 443.152
7477.43 3669.69 443.173
7902.34 3810.05 444.236
8264.1 3942.04 433.292
8633.05 4060.43 429.71
9016.1 4077.25 429.988
9783.87 4401.55 453.722
9400.64 4356.22 458.319
31453.6 10635.2 434.748
31032.5 10525.5 434.054
30672.3 10434 435.341
30291.1 10330.6 444.875
29951.8 10134 441.441
28243.1 11877.7 417.702
27845.6 9449.88 454.289
28067.6 9784.35 452.609
28513.4 9938.65 453.07
28865.1 9975.14 458.501
29302.6 10063.1 448.529
29762 10212.5 450.172
30179.5 10354.3 446.693
30549.7 10461.9 447.226
30919 10574.9 444.52
31201.2 10710.2 451.497
33392.6 11345.8 444.255
929.85 33284.6 428.56
-1277.2 32553.9 455.673
-910.14 32655.9 449.373
-514.956 32775.2 456.3
-93.8344 32877.2 465.077
284.448 32909.2 472.347
464.254 32764.7 454.15
2219.04 2068.8 444.832
2637.4 2253.84 444.89
3027.83 2430.41 438.526
3414.38 2558.09 430.246
3832.75 2680.7 438.639
4211.16 2832.32 433.847
4598.44 3000.2 439.059
4953.54 3205.41 443.832
5328.89 3385.29 438.501
43994.4 12720.3 435.736
43848.1 12620.7 426.984
46560.8 12555.9 433.389
46744.6 12372.8 432.352
47027.2 12251.8 432.12
51337.9 11026.3 449.367
50914.1 11007.4 447.786
50504.4 11065.8 442.017
48987.5 11834.2 448.057
48621.6 12042.7 442.164
48293.9 12190 450.875
47936.2 12267.5 449.018
47526.5 12358.2 445.464
47136 12457.7 449.446
46801.3 12663.6 456.468
46514.3 13000.2 447.658
40389 34266.1 439.972
40014.5 34166.2 451.128
39520.5 34026.5 451.387
38907.5 33867.8 463.125
38495.8 33725.2 451.454
38150.8 33655.8 448.219
37663.2 33520.5 447.68
37316.6 33426.5 454.921
36850.3 33277 456.443
36388.8 33138.4 455.192
35949.9 33030.8 456.974
35451.5 32966.9 447.455
34935 32863.4 455.423
34457.4 32793.1 442.636
33991.5 32680.7 448.161
33599.3 32531.6 435.771
33146.8 32451.4 437.126
32006.9 32148.5 423.841
-3107.11 -2749.93 443.612
-2878.21 -2434.13 447.248
-2515.91 -2244.27 445.563
-2164.55 -2128.8 458.612
-851.64 -769.452 456.22
15913.3 -486.62 448.937
15438.9 -597.902 443.554
14942.5 -745.98 444.432
14592.2 -847.594 454.17
14246.4 -978.022 441.747
13752.6 -1056.61 436.398
50110.2 14899.5 427.328
51154.7 16280.7 435.278
50744.6 16296.5 436.697
50331.2 16317.7 437.868
50872.2 6764.24 451.989
51315.9 6907.86 454.947
51720.6 7029.2 454.864
52105.7 7121.94 435.204
52536.1 7256.01 441.837
52881.9 7309.46 450.439
53265.6 7298.97 457.983
4615.46 -5743.45 441.681
3586.19 -6256.39 428.439
2759.19 -7227.8 434.563
3140.22 -7260.2 435.355
546.906 33293 454.036
181.18 33158.4 460.37
-178.248 33033.1 450.515
-551.862 32909.6 449.235
-986.352 32783.6 440.966
31874 10667.5 438.938
31889.7 10876.1 455.301
31490 10686.4 450.274
31064.9 10579.4 448.97
30709.8 10484.4 450.641
30336 10374 461.58
30010.9 10154.9 457.251
14570 7908.1 454.431
14190.6 8044.07 442.063
13798.8 8074.69 439.816
13423.4 8052 454.309
13065.6 8053.13 454.877
51291.2 10984.5 433.328
46845.6 6058.27 446.532
47199.2 6030.14 448.083
47623.3 6098.85 450.814
48067.3 6136.23 450.606
48547.5 6216.96 451.842
49044.5 6300.36 456.959
49456.8 6419.11 454.377
49913.2 6514.61 444.012
50409.1 6635.41 452.233
28277.5 11930.9 430.77
28017.2 12037.6 439.811
31366.4 8697.81 424.848
31889.5 10328.6 449.782
31865.1 10605.8 455.924
32139.1 10918.3 442.723
32541.8 11104.8 448.764
32966 11211.4 441.198
33392.6 11345.8 444.255
33775.2 11377.7 452.449
7507.53 1141.83 457.985
7431.9 962.24 453.29
7191.26 634.347 459.208
6784.45 462.891 444.713
6388.79 339.645 440.802
5997.74 243.232 438.389
5630.34 186.649 429.43
5236.61 149.593 440.223
4795.09 103.661 445.142
4397.76 -66.847 441.503
7358.24 1737.53 462.555
-5502.81 -9504.37 435.905
-5135.99 -9443.13 455.122
-4696.37 -9286 462.732
-4296.48 -9142.47 452.159
-3879.79 -9039.58 443.353
-3475.32 -8960.89 458.415
-13197.1 26009.4 426.151
-13136.7 26189.2 435.686
-13459.9 26306.5 424.623
-13830.4 26341.5 423.234
-14944.3 26503 451.088
-14647.8 26256.4 445.295
-14238.2 26144.7 441.394
-13962.2 26005.7 441.238
-14514 30944.7 463.181
-13962.2 26005.7 441.238
-2668.13 32036.9 444.664
-5011.76 33998.3 434.136
-5432.82 33920.8 423.661
-5891.37 33844.1 423.517
41607.1 6103.18 445.545
42026 6024.72 455.18
46447.9 15195.2 436.91
42083.3 34562.6 451.808
41741.7 34656.2 454.734
41316.6 34590 437.444
-1725.5 28307.9 442.749
-1622.26 27972.4 451.277
-1486.37 27487.8 451.963
-1339.09 27011.6 451.216
-1196.55 26527.3 449.817
-1048.78 26020.8 445.816
-954.558 25663.3 440.553
-829.874 25284.5 453.665
-635.91 24807.2 460.881
-514.398 24429.3 449.956
-418.622 24078.2 453.781
-304.601 23696.6 458.894
-220.368 23355.4 450.62
-116.914 22906.4 450.984
-29.374 22538 457.236
76.4734 22116.8 459.699
270.994 21659.2 455.914
417.143 21180.3 446.53
524.195 20825.4 452.212
664.305 20389 456.296
769.122 20054.6 451.81
914.758 19519 450.613
1078.11 19008.8 454.835
1214.79 18570.7 450.655
1355.46 18158.1 454.071
1478.99 17758.1 455.652
1625.99 17289.5 447.665
1721.26 16809.1 451.017
1849.94 16416.4 436.636
2004.63 15953 447.385
2154.7 15470.6 449.265
2290.74 15001.5 453.598
2437.88 14561.8 448.993
2548.87 14228.4 453.555
2664.75 13775.1 450.252
2860.73 13057.7 456.037
2973.39 12659.5 451.444
3123.27 12218.3 450.523
3258.9 11813.5 454.866
3365.12 11453.2 456.725
3472.6 11057 447.443
3621.52 10466.6 454.017
3741.45 10061.1 443.25
3844.4 9721.97 438.911
3987.12 9242.85 435.556
4108.12 8794.38 447.789
4275.5 8328.79 454.556
4430.44 7912.87 455.906
4580.68 7441.88 457.627
4727.71 6996.82 454.403
4867.11 6603.4 449.382
5263.69 5174.83 428.418
5395.68 4799.8 439.571
5513.65 4405.8 450.054
5595.85 4019.12 452.924
-1670.96 28276 429
-1568.42 27940.1 435.648
-1432.55 27455.3 436.752
-1285.67 26978.6 435.924
-1143.38 26494.1 433.863
-995.332 25987.5 431.214
-900.161 25631.2 426.756
-776.623 25251.6 437.381
-582.468 24775.3 443.418
-461.134 24396.2 434.072
-364.981 24046 437.485
-251.577 23663.7 442.088
-166.87 23322.5 435.325
-63.7008 22872.8 436.047
24.3094 22505.7 441.293
131.061 22086.2 443.427
325.334 21628.1 439.646
471.989 21149.6 431.389
579.027 20795 436.293
718.639 20357.9 440.147
823.68 20023.8 436.004
969.775 19488.5 435.687
1132.35 18977.4 438.805
1269.13 18539.2 435.346
1409.99 18127.4 437.781
1534.15 17728.6 439.327
1680.36 17257.6 433.091
1775.62 16777.8 435.474
1904.99 16385.3 423.132
2059.1 15921.4 432.687
2209.25 15439.4 433.975
2345.31 14970.7 437.715
2492.17 14530.3 433.394
2602.44 14195.8 437.617
2718.61 13742.9 434.623
2914.86 13026.5 439.454
3027.44 12627.6 435.807
3177.29 12186.3 435.15
3313.2 11782.3 438.74
3420.18 11423.7 440.093
3527.36 11025.9 432.638
3675.55 10435 437.704
3796.02 10029.6 428.567
3898.99 9690.25 424.946
4042.21 9211.92 421.752
4162.91 8763.57 432.636
4330.94 8299.64 438.478
4485.26 7882.61 439.797
4635.16 7411.38 440.81
4782.62 6966.58 438.545
4920.86 6570.97 433.881
5316.49 5139.89 415.305
5448.87 4765.76 425.692
5565.38 4370.39 434.232
28435 6987.6 408.846
28626.8 6958.57 403.096
27509.5 11964.7 443.936
27356.3 11533.6 440.181
27462.4 11123.5 450.778
27573.5 10787.2 445.621
27674.2 10355.6 448.113
27794.2 9952.56 436.979
27909.9 9547.69 428.461
28038.2 9057.5 441.329
28132.4 8628.75 441.845
28197.1 8255.09 441.318
28194.9 7893.55 444.926
7758.79 -6229.93 426.651
7930.94 -6124.47 424.343
8332.84 -1518.16 441.569
5860.45 -3093.98 440.881
5995.63 -3434.39 440.764
6175.41 -3789.84 442.225
6346.7 -4228.27 447.826
6480.18 -4666.73 441.837
6575.77 -5010.24 439.89
6687.1 -5410.21 443.663
12494.3 7813.56 454.113
12369.2 7413.99 448.824
12403.3 7018.67 453.465
12476.1 6651.82 438.409
12592.9 6173.7 443.289
12712.2 5704.66 441.597
12848.2 5262.82 439.987
12959.7 4817.14 447.666
13058.8 4424.99 449.272
13152.8 3932.91 452
41714.9 34599.6 438.725
47922.5 13442.5 455.465
47840.6 13899.5 442.946
47708.3 14415.4 442.886
47584 14783.1 442.463
47486.8 15128.3 439.575
47369.7 15498 441.922
47251.7 15879.9 437.068
47159.8 16259.6 438.524
47065.5 16626.4 431.195
46940.1 17012.9 438.944
46853.3 17411.6 443.893
46780.6 17806.5 440.471
46687.6 18184.9 441.581
46560.5 18677.8 447.828
46460.8 19031 441.068
46332.2 19406.8 453.071
46180.1 19766.7 447.08
46109.5 20146.7 439.119
45990.5 20601 459.11
45844.8 21040.2 443.58
45732.5 21473.6 447.181
45574.8 21917.5 470.813
45437.9 22423.6 452.815
45337.2 22785.6 443.969
45201.2 23183.6 457.953
45081.9 23566.1 451.211
45006.5 23910.4 437.429
44881.1 24328.7 458.707
44733.5 24728.5 454.868
44660.7 25099.8 448.439
44550.1 25460.3 447.958
44416.4 25838.6 445.156
44294.2 26244.8 459.186
44207.7 26609.7 448.586
44085.8 27039.2 453.666
43952 27433.3 449.534
43853.4 27869.5 447.693
43703.3 28301.3 468.702
43572.3 28690.9 461.784
43478 29083.6 456.831
43342 29518.2 467.313
43231.2 29871.6 447.973
43034 30370.7 449.045
42937.7 30757.8 465.888
42830.3 31151 471.562
42753.6 31559.8 459.856
42660.3 31906.7 472.559
42541.7 32372.6 465.913
42447.3 32889.6 457.196
42362 33332.5 454.656
42283.3 33709 457.882
42244.4 34099.5 445.553
4413.17 -6830.95 422.362
4710.68 -5151.48 421.453
4559.98 -4767.31 409.969
4332.57 -4491.87 413.286
4213.56 -4148.77 426.213
4085.79 -3791.46 430.642
4042.86 -3496.13 429.346
3969.12 -3237.48 433.548
4035.58 -347.686 438.953
3818.19 -667.969 441.485
3735.19 -1151.59 439.707
3704.26 -1609.52 426.626
3760.87 -2092.95 446.38
5172.58 -2272.56 438.48
5491.81 -2448.42 436.505
5734.97 -2738.87 431.693
10757.1 -5489.37 428.839
10947.4 -5224.32 429.382
10140.5 -695.697 440.763
10578.8 -1232.05 441.177
10693.7 -1570.58 440.17
10028.9 -2703.47 444.902
9768.81 -3078.67 436.392
9710.55 -3446.54 443.505
9707.17 -3822.53 444.355
9732.25 -4187.75 442.006
9768.6 -4549.8 447.173
-13267.1 25864.3 441.618
-13133.9 26009.8 439.649
-15329 31949.1 454.653
-15483.1 32307.8 453.622
-15597.1 32700.9 457.816
-15698 33062.4 460.382
-15801.2 33485.9 446.904
-15895 34205.7 441.41
-15957.5 34585.3 457.419
-15980 34980.1 453.168
-16346.4 35667.5 443.363
47103.4 16288.3 425.265
47010 16657 418.737
46885.2 17043.9 424.856
46798.7 17443.1 429.755
46726.4 17838.9 426.717
46633 18216.5 427.559
46504.8 18707.2 433.112
46404.7 19060.2 427.287
46275.9 19434.6 437.409
46124.7 19796.9 432.875
46054 20177.2 426.375
45934.6 20629 442.759
45790.1 21071.7 429.599
45677.1 21503.8 433.008
45520.1 21946.2 451.736
45382.1 22452.6 437.784
45281.4 22815.3 430.243
45145.2 23211.5 441.738
45025.8 23594.8 436.514
44950.6 23940.3 424.866
44825.5 24357.6 442.499
44680.1 24761.2 438.771
44605.3 25129.7 433.652
44494.9 25490.3 432.692
44361.1 25868.6 430.032
44239.8 26275.2 442.09
44154.8 26643.8 433.73
44029.7 27067 437.617
43896.2 27462.1 434.078
43797.4 27898.3 433.237
43648.2 28329.7 450.3
43518 28721.4 444.348
43423.2 29113.7 440.466
43286.6 29546.2 449.254
43175.6 29901.3 433.622
42981.7 30405.4 433.564
42883.3 30787.3 447.402
42776.4 31180.9 452.081
42698.8 31589.8 442.97
42605.7 31935.6 453.486
42487.4 32402.5 447.433
42394.1 32922.4 440.468
42305.6 33359.7 438.509
42223.2 33725.6 440.672
42181.5 34094.5 431.177
17959.3 8787.67 439.824
17892.7 8401.92 434.78
17912.8 7945.2 438.864
18025.6 7497.92 438.255
18119.5 7052.43 435.65
18219.7 6560.85 439.36
18320.1 6125.71 439.235
18400.6 5753.98 435.621
18451 5382.26 440.676
-14259 30942.5 437.673
-14626.4 30933 433.047
-13470.2 25841.2 430.91
-13325.8 25887.6 427.812
-13197.1 26009.4 426.151
-14184 26270 426.062
-14757.8 26529.3 434.182
-14895.2 26867.5 435.583
-15030.6 27197.6 430.449
-15166.9 27586.2 422.753
-15345.3 28707.3 439.19
-17454 36751.6 448.993
-17435.6 36564.4 458.921
-16310.3 35198.2 444.591
-16275.5 34837.6 460.67
-16188.8 34368.3 466.713
-16087.6 34026 455.456
-15953.8 33617.9 455.135
-15835.7 33256.8 446.792
-15685.6 32808.3 449.309
-15571.4 32383.4 448.884
-15443.8 31957.8 451.077
-15337.3 31542.6 453.998
-15090.7 30701.3 453.895
-14804.1 29985.9 458.976
-15354 29037 460.868
-15474.8 28726.2 456.009
-15416.8 28355.8 459.068
-15307 28012.1 456.689
10733.2 -1619.52 425.238
9814.1 -3122.75 422.708
9760.28 -3484.96 428.299
9761.37 -3854.12 428.695
10993.7 -5267.11 443.943
11037.4 -4851.85 448.981
11057.9 -4395.52 452.949
11044 -4019.37 433.22
10979.3 -3543.57 437.074
10889.6 -3184.54 440.25
10812.5 -2758.87 453.663
10771.7 -2392.7 460.067
10766.5 -1996.01 449.661
10674 -1698.5 451.441
10524.4 -1491.93 445.032
-2767.58 -2517 427.897
-6703.92 -4243.81 443.089
-2721.61 -8562.57 463.256
-2697.94 -8165.31 452.475
-2819.08 -7794.05 451.339
-2953.8 -7362.93 451.699
-3107.26 -6925.98 447.708
-3252.51 -6492.33 439.683
-3395.73 -6031.08 442.742
-3524.63 -5593.1 448.519
-3634.8 -5152.68 453.639
-3763.74 -4748.53 442.489
-3889.01 -4352.18 433.356
-3328.44 -3048.06 450.061
50333.5 16254.4 424.755
50078.1 16179.1 419.998
49843.4 16000.7 422.915
52251.6 13525.3 430.412
52526.6 13175.1 428.888
52691.1 12756.3 425.95
52481.7 12968.7 457.386
52180.5 14078.9 426.804
52114.1 14436.3 452.515
52033.5 14824 453.663
51971.2 15221.3 449.288
51923.2 15609.3 449.232
7411.37 1704.8 445.655
7462.9 1380.35 439.571
7519.42 1080.5 441.311
4399.36 -129.71 426.448
3858.59 -716.296 426.884
7157.35 582.388 441.011
7191.26 634.347 459.208
53743.8 7799.73 472.888
53700.7 8261.96 460.688
53623.1 8635.43 447.379
53517.4 9040.13 440.384
53420.1 9510.14 440.844
53328 9862.55 462.297
53215.8 10278.1 454.325
53134.5 10722.2 449.317
53020.1 11154.4 442.869
52901.6 11578.7 441.97
52763.7 12017.6 443.48
-14945.3 31230.8 434.727
-15953.8 33617.9 455.135
-15835.7 33256.8 446.792
-15685.6 32808.3 449.309
-15571.4 32383.4 448.884
-15443.8 31957.8 451.077
-15337.3 31542.6 453.998
-15215.5 31178.5 454.819
-15090.7 30701.3 453.895
-14943.4 30322.4 451.74
-14804.1 29985.9 458.976
-6749.4 -4201.13 460.149
-6854.67 -4574.21 446.91
-6751.18 -4964.65 436.921
-6658.46 -5343.23 435.188
-6525.72 -5729.19 433.662
-6387.42 -6161.94 438.824
-6246.35 -6544.06 440.808
-6162.82 -6958.72 443.522
-6060.71 -7373.6 450.646
-5986.38 -7717.98 455.166
-5877.36 -8053.55 451.018
-5754.71 -8483.16 446.383
-5697.04 -8835.53 441.608
-3181.75 33269 446.482
-2989.73 32808.6 458.358
-2891.34 32382 437.133
-2758.47 31780.3 445.11
-2622.02 31316.3 440.474
-2454.49 30841 438.763
-2336.73 30483.7 450.109
-2216.83 30002.9 448.15
-2094.9 29547.7 456.967
-1946.02 29153.8 441.736
31815.2 29560.4 428.905
31932 29058.6 425.825
32036.4 28570.6 416.674
32099.4 28205.5 425.257
32150.4 27828.9 421.193
32198.9 27467 434.13
32263.9 26927 437.44
32310.2 26554.1 436.845
32409.3 26096.8 433.43
32493.2 25665.2 424.939
32569.7 25208.3 428.63
32590 24859.8 422.802
32628 24494.8 421.498
32719.8 24122.6 438.568
33067 23270.6 410.19
33217.3 22925.6 418.38
33419.8 22451.6 417.835
33626.9 21953.3 418.113
33812.7 21488.7 413.742
34010.6 20869.6 419.604
34148.6 20499 416.796
34250 20156.5 421.692
34348.9 19760.7 434.58
34444.3 19390 441.765
34530.3 19048.9 439.657
34637.9 18506.7 434.462
34751 18022.6 432.798
34827 17640.6 432.44
34924.9 17205.6 446.556
35069.4 16701.2 437.973
35212.2 16234.9 424.483
35385.7 15778.1 415.387
35536.3 15461.6 418.767
35693.5 15129.9 421.176
36234.9 14302.2 427.158
36515.9 13928.6 430.169
32363.5 8354.69 456.693
32416.8 8732.84 444.517
32360.5 9115.3 440.432
32210.9 9526.22 436.068
30548.8 35260.1 443.69
30540.4 34898.1 444.939
30634.7 34508.2 434.907
30749.6 34109.6 432.418
30843.7 33716.4 418.107
30988.7 33230.8 435.352
31181.8 32798.2 443.714
31271.3 32275.3 450.205
31357.1 31797.3 446.75
31448.6 31303.4 447.583
33955.6 20901.2 432.152
34093.9 20531.2 429.221
34196.7 20190.8 434.833
34296.8 19795.9 449.869
34390.6 19421.9 458.624
34477.2 19082 455.719
34586.8 18543.3 449.718
34698.1 18056.4 448.057
34772.7 17672.4 447.426
34870.8 17236.2 464.542
35012.4 16727.4 453.902
35154 16259.2 438.645
35325.8 15799.2 427.654
35475.9 15480.6 431.585
35632 15144.8 434.391
35888.5 14694.8 436.347
36173.8 14318.9 439.94
36459.7 13957.7 443.576
31605.9 30427.2 453.317
31662 30052.9 455.608
31761.9 29594.3 442.685
31880.7 29095.2 439.946
31985.5 28608.4 429.182
32048.7 28243.4 438.338
32100.5 27867.9 434.267
32149.6 27505.9 449.718
32215 26966 453.709
32261.7 26593.3 453.986
32359.3 26134.3 449.907
32441.6 25701.9 437.848
32518.8 25245.6 442.45
-1775.33 29014.7 449.119
-1895.64 29464 448.762
-1993.53 29912.7 450.66
-2119.23 30322.1 456.684
-2233.03 30687.6 459.437
-2378.82 31101.3 446.144
32316.3 8395.84 440.741
31051.1 8771.52 437.633
44121.5 12850 445.367
43937 12745.2 452.157
43785.2 12619.5 441.678
5903.39 3371.43 440.703
-1815.08 -1975.28 435.847
-1574.48 -1705.54 437.9
-826.732 -712.119 439.679
-14945.3 31230.8 434.727
-13784.5 25977.2 434.005
-13657.7 25911 436.858
-13470.2 25841.2 430.91
-14406.7 26256.7 439.484
-14757.8 26529.3 434.182
-14895.2 26867.5 435.583
-15030.6 27197.6 430.449
-15474.8 28726.2 456.009
-15416.8 28355.8 459.068
-15307 28012.1 456.689
-15200.4 27632 449.485
-15100.2 27221.3 444.465
-15056.8 26843.4 442.763
45812.6 9615.73 441.226
45919 9188.2 447.856
46032.3 8747.96 452.503
46139.3 8340.23 444.915
46251 7933.48 441.034
46360.5 7511.41 443.512
46438.6 7119.13 453.501
46465.2 6717.39 455.351
4697.23 -6614.27 417.158
4869.66 -6257.87 412.079
2742.92 -6353.83 427.299
2588.28 -6538.32 419.292
2523.55 -6755.05 420.19
7025.6 2465.04 436.86
7188.76 2096.91 449.393
7425.5 1430.71 455.25
45032.6 13059.7 424.068
44688.4 12975.7 423.487
44375.9 12893.5 423.291
43881.7 12053.9 447.027
44169.7 12276.3 437.224
44423.4 12538.1 438.482
45044.8 12980 444.213
27550 11916.4 429.316
27627.7 10755.6 429.91
27729.1 10324.9 432.951
29204.9 10485.6 445.819
29002.2 10792.1 452.988
28746.1 11171 455.721
30721.4 35179.8 432.678
30598.7 35221.5 429.044
30689.9 34477.3 421.34
30804.9 34078.8 419.08
30899.3 33685.1 407.25
31044.5 33201.2 421.433
31233.6 32762.4 429.07
30909 34290 459.273
-3273.72 34055.6 440.243
-3229.21 33649.7 438.218
-3129.83 33233.4 431.804
47681.6 13071.9 438.956
47868.9 13474.4 438.833
47783.7 13926.8 428.682
47650.5 14440.7 428.574
47527.5 14810.7 427.677
52642.5 12796.7 439.742
32009.7 10001.9 446.608
32141.4 9601.65 446.455
32307.3 9283.75 447.907
32394.6 9092.8 452.249
875.164 32676.8 437.922
1062.31 32820.3 442.792
46032.3 8747.96 452.503
46139.3 8340.23 444.915
46251 7933.48 441.034
46360.5 7511.41 443.512
46438.6 7119.13 453.501
46465.2 6717.39 455.351
32575.1 24529.7 434.203
32663.5 24149.8 455.025
32797.7 23718.6 437.002
33009.3 23297.3 422.133
33160 22952.4 431.449
33364.4 22482.5 430.316
9681.18 3840.34 443.819
9855.51 3971.8 439.483
11893.1 1324.41 438.219
12025.3 945.458 445.286
12137.5 591.037 441.658
