-0.593075 0.377436 0.580379 0.411053
-0.715913 -0.0441255 0.696399 -0.0234564
-0.707868 0.126413 0.681185 0.137587
-0.429825 -0.573198 0.378859 -0.585798
-0.421616 -0.565788 0.411283 -0.577036
-0.422949 -0.549161 0.410374 -0.592562
-0.400828 -0.593492 0.351231 -0.603109
-0.33235 -0.623542 0.315499 -0.633403
-0.715526 -0.119938 0.67636 -0.127181
0.0999901 -0.419271 -0.881985 0.190568
0.0972067 -0.390721 -0.88781 0.222892
0.116405 -0.411166 -0.882923 0.194526
0.121854 -0.455299 -0.855107 0.215977
0.129861 -0.493782 -0.837113 0.196362
0.145438 -0.515491 -0.820241 0.200803
0.143756 -0.548943 -0.798935 0.199246
0.15226 -0.562561 -0.788663 0.195839
0.148549 -0.575015 -0.782231 0.188163
0.147974 -0.575004 -0.78485 0.177437
0.145287 -0.564377 -0.790059 0.190203
0.134489 -0.579303 -0.782498 0.18444
0.143211 -0.56605 -0.789165 0.190517
0.164989 -0.600997 -0.759432 0.186666
0.181719 -0.670834 -0.701011 0.159823
0.211426 -0.786739 -0.568583 0.114259
0.228977 -0.937096 -0.257524 0.0556921
0.234529 -0.955001 -0.180703 0.0177685
0.280035 -0.94879 -0.145082 0.0181186
-0.267156 0.96124 -0.0491014 0.0472687
-0.214473 0.767163 -0.583424 0.158361
-0.179034 0.736872 -0.630804 0.16448
-0.173126 0.720772 -0.651394 0.16187
-0.170069 0.734113 -0.641182 0.145055
-0.192349 0.777811 -0.580922 0.143324
-0.214729 0.850966 -0.463977 0.120309
-0.226395 0.91529 -0.321972 0.0855802
-0.235549 0.961068 -0.13993 0.035842
0.238828 -0.969531 -0.0533339 0.0112633
0.255532 -0.953951 -0.156105 0.0176617
0.216182 -0.968579 -0.122563 0.00991825
0.232401 -0.95738 -0.169905 0.0233489
0.238344 -0.964657 -0.111752 0.0118215
0.219462 -0.975067 -0.0312798 0.0100818
0.207547 -0.944876 -0.249001 0.0461716
0.183339 -0.785649 -0.576928 0.127659
0.160873 -0.658206 -0.716025 0.167907
0.134209 -0.568921 -0.789352 0.187722
0.129873 -0.529789 -0.816561 0.188905
0.101003 -0.399243 -0.882234 0.228183
0.0634938 -0.2214 -0.946094 0.227723
0.0106631 -0.048459 -0.972542 0.227376
0.00155548 0.105682 -0.96889 0.223791
-0.0277228 0.161205 -0.957685 0.23682
-0.0184376 0.198195 -0.949971 0.240693
-0.00319267 0.242651 -0.944802 0.220137
-0.0100874 0.255717 -0.938202 0.23299
-0.0251682 0.159661 -0.957769 0.237809
-0.0197009 0.156866 -0.954145 0.254189
0.0238672 0.0147752 -0.965882 0.257457
0.12996 -0.384845 -0.885805 0.224399
0.144766 -0.517935 -0.819402 0.198412
0.166509 -0.597559 -0.766896 0.164528
0.186799 -0.737519 -0.634747 0.135163
0.21831 -0.863665 -0.44579 0.087723
0.24371 -0.945369 -0.212423 0.0419383
0.243712 -0.951369 -0.185447 0.0333363
0.236057 -0.942289 -0.230504 0.0568838
0.232079 -0.90122 -0.356082 0.0845471
0.210593 -0.796191 -0.547519 0.148166
0.187757 -0.653234 -0.711213 0.179467
0.132183 -0.488868 -0.839653 0.196262
0.0935319 -0.311959 -0.918907 0.222583
0.0246547 -0.0929401 -0.966041 0.239834
-0.016459 0.0959948 -0.966075 0.239193
-0.070918 0.267418 -0.931684 0.235423
-0.0755149 0.340146 -0.908822 0.229437
-0.0952017 0.454577 -0.862232 0.202119
-0.106678 0.478044 -0.842745 0.223326
-0.0862467 0.44011 -0.865146 0.224471
-0.04318 0.142995 -0.956233 0.251609
-0.0346733 0.0902023 -0.959344 0.26518
0.0635292 -0.127287 -0.95222 0.270256
0.101071 -0.310884 -0.912876 0.244529
0.127553 -0.493078 -0.834772 0.209187
0.147896 -0.551449 -0.793751 0.20974
0.156362 -0.576068 -0.781156 0.18301
0.160083 -0.565857 -0.785519 0.192714
0.158866 -0.585359 -0.775399 0.175707
0.14997 -0.562661 -0.790978 0.187817
0.153531 -0.564716 -0.790539 0.180478
0.143239 -0.575891 -0.782211 0.189681
0.149967 -0.582312 -0.774867 0.194946
0.248177 -0.960193 -0.127559 0.012901
-0.239087 0.970535 -0.0275823 0.0117603
-0.226774 0.946698 -0.217564 0.0707299
-0.244901 0.914488 -0.308191 0.0935606
0.242791 -0.964564 -0.101537 0.0189531
0.200762 -0.782283 -0.571567 0.145051
0.161326 -0.641296 -0.726834 0.185542
0.124248 -0.46389 -0.849691 0.2177
0.0744045 -0.289682 -0.921977 0.245982
0.0476776 -0.10999 -0.962015 0.245269
0.00684709 0.0554974 -0.965749 0.253381
0.00485452 0.0473766 -0.965587 0.255683
-0.00436414 0.0676502 -0.962591 0.262343
-0.00337112 0.0897454 -0.96819 0.233544
-0.0156963 0.0945595 -0.968006 0.231898
-0.0160229 0.10854 -0.964923 0.238508
-0.0137695 0.0807465 -0.963245 0.255832
-0.00590685 0.0915472 -0.960925 0.261167
-0.00816403 0.157944 -0.952868 0.258903
0.027719 0.000203256 -0.964991 0.260815
0.0797074 -0.214159 -0.942994 0.241961
0.135802 -0.615389 -0.764264 0.136948
0.189304 -0.688174 -0.678617 0.173377
0.204195 -0.739499 -0.625769 0.140918
0.205884 -0.773693 -0.583346 0.136819
0.203655 -0.77207 -0.585667 0.13938
0.197817 -0.785617 -0.568578 0.142807
0.209866 -0.748945 -0.612543 0.140816
0.184755 -0.698171 -0.675905 0.146887
0.17719 -0.624788 -0.742442 0.164388
0.174297 -0.608431 -0.754419 0.174026
0.163371 -0.597228 -0.763058 0.185395
0.174426 -0.57436 -0.778319 0.184133
0.184587 -0.57734 -0.769489 0.201229
0.175282 -0.576375 -0.769452 0.21216
0.177431 -0.56588 -0.777954 0.20757
0.187214 -0.563593 -0.780152 0.196664
0.172357 -0.564582 -0.782348 0.198675
0.168689 -0.554843 -0.787376 0.209123
0.161018 -0.564406 -0.784345 0.200802
0.174327 -0.571091 -0.775067 0.20673
0.168273 -0.564306 -0.779018 0.215345
0.161553 -0.571125 -0.777967 0.206117
0.16601 -0.577105 -0.774824 0.197582
0.160693 -0.550243 -0.794551 0.200248
0.158577 -0.545885 -0.801298 0.186504
0.173383 -0.560527 -0.785405 0.197198
0.162379 -0.558852 -0.788564 0.198708
0.174789 -0.551787 -0.789786 0.203024
0.146353 -0.548805 -0.799518 0.195359
0.160343 -0.555233 -0.790604 0.202365
-0.112717 0.52762 -0.809596 0.23123
-0.0763502 0.329173 -0.907587 0.249202
-0.0186161 0.155336 -0.954862 0.252514
-0.0387909 0.208548 -0.950608 0.226598
-0.0211542 0.177457 -0.951111 0.251893
-0.026427 0.1343 -0.955785 0.260271
-0.0356321 0.150464 -0.947692 0.279231
-0.0246024 0.151364 -0.950389 0.270636
-0.0247956 0.145847 -0.95421 0.259996
-0.0208063 0.141445 -0.961185 0.235973
-0.0308481 0.161101 -0.955243 0.246181
-0.0411319 0.181057 -0.956233 0.226155
-0.0469358 0.205844 -0.947606 0.239725
-0.0858496 0.36804 -0.895296 0.235843
-0.13084 0.511157 -0.817264 0.231686
-0.17281 0.673539 -0.691397 0.196092
-0.182981 0.747258 -0.61748 0.163836
-0.181819 0.777631 -0.57854 0.165901
-0.214747 0.81297 -0.519687 0.15129
-0.236204 0.88295 -0.387744 0.11942
0.262711 -0.948602 -0.173681 0.0311802
0.246095 -0.955029 -0.164433 0.0178321
0.246303 -0.953491 -0.170069 0.0355711
0.247208 -0.950477 -0.185933 0.0301741
0.243198 -0.949208 -0.196997 0.0324303
0.251187 -0.93626 -0.241181 0.046408
0.242831 -0.910883 -0.32525 0.0744143
0.226968 -0.817927 -0.512793 0.128548
0.194145 -0.708215 -0.659243 0.16167
0.161382 -0.574966 -0.778005 0.195138
0.166103 -0.548804 -0.793689 0.203181
0.162667 -0.547911 -0.791645 0.215943
0.209059 -0.641656 -0.712132 0.193494
0.261455 -0.955289 -0.136758 0.0190249
0.248413 -0.960009 -0.127519 0.0203197
0.251078 -0.955996 -0.150753 0.0174667
-0.0504487 0.201152 -0.943784 0.25742
-0.0980621 0.375029 -0.887239 0.250089
-0.15252 0.525816 -0.802524 0.237087
-0.192354 0.781383 -0.570922 0.162754
-0.193311 0.769516 -0.585574 0.166072
-0.210774 0.807558 -0.531861 0.143347
-0.215703 0.87387 -0.419456 0.117815
-0.23425 0.949441 -0.201713 0.0547834
0.152975 -0.536225 -0.807636 0.191796
0.181023 -0.549406 -0.78542 0.220224
0.183166 -0.537518 -0.790033 0.231025
0.178047 -0.557583 -0.785084 0.202591
0.23634 -0.858381 -0.44343 0.103421
0.256082 -0.927017 -0.268511 0.054431
0.256152 -0.956489 -0.136967 0.0274765
0.250223 -0.955141 -0.157414 0.0177562
0.243672 -0.957751 -0.152267 0.0123194
-0.251695 0.966923 -0.0205414 0.0358912
-0.257346 0.935014 -0.231003 0.0784891
-0.190077 0.77085 -0.58546 0.164003
-0.193068 0.758482 -0.597855 0.173205
-0.16088 0.671057 -0.695061 0.201718
-0.0937338 0.338674 -0.902828 0.247823
-0.0455603 0.134499 -0.945949 0.291573
-0.0173553 0.158805 -0.953013 0.257382
-0.0218001 0.117846 -0.959359 0.255476
-0.0136313 0.131506 -0.954819 0.266161
-0.0276172 0.118614 -0.958607 0.257372
-0.0184108 0.104997 -0.960261 0.257944
-0.0257398 0.144431 -0.952872 0.265541
-0.0351415 0.130231 -0.951863 0.275249
-0.0509922 0.217647 -0.936903 0.26878
-0.0509937 0.233556 -0.936868 0.255205
0.000959706 0.0497305 -0.96841 0.244354
0.0665405 -0.175432 -0.950786 0.246582
0.113816 -0.377941 -0.887188 0.238966
0.144148 -0.543866 -0.798606 0.21368
0.169791 -0.574347 -0.77473 0.202705
0.163128 -0.578228 -0.772555 0.205427
0.160966 -0.562176 -0.78513 0.204006
0.152561 -0.579954 -0.777699 0.188582
0.148573 -0.564638 -0.787186 0.198617
0.115562 -0.404186 -0.88087 0.217594
0.0804221 -0.24187 -0.940868 0.223156
0.0492601 -0.0606683 -0.969061 0.234121
-0.013866 0.145457 -0.956651 0.25193
-0.119131 0.521698 -0.815597 0.220093
-0.152499 0.666325 -0.703347 0.195084
-0.197232 0.781983 -0.56806 0.164043
-0.216755 0.793572 -0.544582 0.163377
-0.201688 0.803878 -0.536483 0.159021
-0.19477 0.809578 -0.531043 0.156974
-0.193612 0.801967 -0.544781 0.15026
-0.1773 0.800937 -0.550036 0.156605
-0.172857 0.792353 -0.569027 0.136036
-0.16957 0.655636 -0.704585 0.212011
-0.133443 0.521422 -0.805414 0.248236
-0.0242013 0.162113 -0.955648 0.244683
-0.0255758 0.148139 -0.954165 0.258787
-0.0181364 0.15239 -0.954741 0.254791
-0.0194877 0.142418 -0.959433 0.242542
-0.025628 0.140845 -0.959352 0.243209
-0.018689 0.148336 -0.955661 0.253693
-0.026219 0.160799 -0.954362 0.250301
-0.0293091 0.167745 -0.954908 0.243215
-0.0299629 0.16769 -0.948849 0.265833
-0.0385693 0.171306 -0.951083 0.25418
-0.0239625 0.170464 -0.955367 0.240086
-0.0240516 0.166192 -0.954052 0.248167
-0.0190761 0.154565 -0.957047 0.244556
-0.0348262 0.176801 -0.952463 0.245649
-0.00892849 0.158971 -0.958261 0.237456
-0.016128 0.16127 -0.953652 0.253535
-0.0165997 0.15381 -0.951016 0.267648
-0.027843 0.146513 -0.953113 0.263315
-0.0324056 0.154348 -0.951989 0.262382
-0.0253173 0.166427 -0.949475 0.264876
-0.0246166 0.171736 -0.949537 0.261306
-0.0287263 0.17332 -0.952344 0.249351
0.259504 -0.953317 -0.152613 0.023552
0.264567 -0.950861 -0.158684 0.0262151
0.24531 -0.955343 -0.162832 0.0250828
0.243145 -0.956368 -0.160644 0.0208308
0.249068 -0.953198 -0.169775 0.0235522
0.255656 -0.952451 -0.163365 0.0280979
0.26776 -0.946802 -0.176829 0.0245392
0.270512 -0.948733 -0.162656 0.0164942
0.272003 -0.946664 -0.169813 0.0316959
0.261171 -0.949675 -0.171378 0.0231579
0.250633 -0.955392 -0.154685 0.0219441
0.223001 -0.964893 -0.136686 0.0238743
-0.249265 0.931844 -0.243259 0.101778
-0.255174 0.937695 -0.218041 0.0898499
-0.244255 0.934506 -0.239782 0.0976877
-0.238054 0.933434 -0.25226 0.0916294
-0.235717 0.922278 -0.285279 0.111606
-0.233358 0.892937 -0.367315 0.115274
-0.2232 0.808565 -0.521981 0.154726
-0.210498 0.772718 -0.575804 0.164459
-0.198693 0.793386 -0.549062 0.17202
-0.231899 0.858402 -0.438932 0.129255
-0.235879 0.902004 -0.346019 0.104983
-0.24494 0.914471 -0.306743 0.0982663
-0.241256 0.9127 -0.316197 0.0937789
-0.234591 0.885735 -0.384004 0.113942
-0.207105 0.81638 -0.517977 0.149434
-0.209601 0.782616 -0.563027 0.163038
-0.199868 0.801297 -0.542634 0.153377
-0.216781 0.844559 -0.466526 0.148592
-0.23052 0.90656 -0.333143 0.118432
-0.223744 0.903211 -0.348672 0.112146
-0.205866 0.857766 -0.452131 0.132037
-0.197475 0.815499 -0.521068 0.156372
-0.202094 0.782454 -0.566822 0.160114
-0.200361 0.782113 -0.561227 0.182152
-0.201486 0.786527 -0.558962 0.168347
-0.18795 0.792967 -0.555462 0.16535
-0.187782 0.79933 -0.550786 0.149811
-0.185118 0.826371 -0.511906 0.144205
-0.218527 0.861594 -0.440684 0.1253
0.250219 -0.9412 -0.223782 0.0381313
0.238044 -0.90472 -0.345222 0.0750961
0.135259 -0.542483 -0.806733 0.191312
0.182409 -0.555583 -0.785569 0.202327
0.18075 -0.561994 -0.779219 0.210501
0.161509 -0.571524 -0.779106 0.20067
0.156168 -0.54821 -0.798116 0.195163
0.14409 -0.488208 -0.830936 0.22458
-0.0329255 0.198281 -0.944892 0.258418
-0.0184746 0.175953 -0.94935 0.259679
-0.0179966 0.17618 -0.952197 0.248914
-0.00490927 0.154348 -0.954166 0.256359
-0.0252924 0.175657 -0.94985 0.257469
-0.00193319 0.151655 -0.949032 0.276289
0.0182554 0.0833507 -0.963935 0.252088
0.0488958 -0.0382179 -0.969393 0.237541
0.0700726 -0.17755 -0.951667 0.240616
0.088576 -0.28923 -0.920676 0.246692
0.151585 -0.54291 -0.799643 0.206983
0.13513 -0.486052 -0.831937 0.231029
0.115892 -0.342957 -0.900689 0.240225
0.098812 -0.240486 -0.932368 0.251182
0.097161 -0.302036 -0.918584 0.235666
0.130515 -0.415502 -0.871109 0.226921
0.157645 -0.499716 -0.824496 0.21363
-0.162914 -0.706615 -0.163384 0.668925
-0.128507 -0.715647 -0.125234 0.67502
-0.328272 0.645104 -0.336748 -0.602228
-0.0334221 0.731884 -0.0423989 -0.679287
0.0446258 0.724863 0.0366314 -0.686469
-0.0836207 -0.711757 -0.0855001 0.69217
0.0406081 0.735196 0.037983 -0.67557
0.00158668 0.722692 0.0160805 -0.690981
-0.580379 -0.411053 -0.593075 0.377436
-0.252522 -0.673388 -0.246547 0.649612
-0.592919 -0.41225 -0.579124 0.378303
-0.550673 -0.41843 -0.596491 0.407276
-0.563148 -0.425443 -0.574582 0.41439
-0.689021 -0.084642 -0.714043 0.0907126
0.0999901 -0.419271 -0.881985 0.190568
0.115055 -0.387581 -0.893219 0.196733
0.121854 -0.455299 -0.855107 0.215977
0.129861 -0.493782 -0.837113 0.196362
0.145438 -0.515491 -0.820241 0.200803
0.143756 -0.548943 -0.798935 0.199246
0.15226 -0.562561 -0.788663 0.195839
0.148549 -0.575015 -0.782231 0.188163
0.147974 -0.575004 -0.78485 0.177437
0.145287 -0.564377 -0.790059 0.190203
0.134489 -0.579303 -0.782498 0.18444
0.143211 -0.56605 -0.789165 0.190517
0.181719 -0.670834 -0.701011 0.159823
0.211426 -0.786739 -0.568583 0.114259
0.240531 -0.87442 -0.414723 0.0744232
0.228977 -0.937096 -0.257524 0.0556921
0.247901 -0.94184 -0.223656 0.038209
0.252062 -0.939425 -0.229763 0.0339741
0.234529 -0.955001 -0.180703 0.0177685
0.252274 -0.950442 -0.180744 0.0186893
0.280035 -0.94879 -0.145082 0.0181186
-0.267156 0.96124 -0.0491014 0.0472687
-0.222488 0.853495 -0.446371 0.150992
-0.214473 0.767163 -0.583424 0.158361
-0.182657 0.749222 -0.613248 0.170964
-0.179034 0.736872 -0.630804 0.16448
-0.173126 0.720772 -0.651394 0.16187
-0.170069 0.734113 -0.641182 0.145055
-0.192349 0.777811 -0.580922 0.143324
-0.214729 0.850966 -0.463977 0.120309
-0.226395 0.91529 -0.321972 0.0855802
-0.235549 0.961068 -0.13993 0.035842
-0.244335 0.969556 -0.00393617 0.0156815
0.238828 -0.969531 -0.0533339 0.0112633
0.255532 -0.953951 -0.156105 0.0176617
0.240796 -0.951289 -0.191197 0.0225651
0.216182 -0.968579 -0.122563 0.00991825
0.238344 -0.964657 -0.111752 0.0118215
-0.247676 0.965734 -0.0552306 0.0544437
-0.238531 0.925956 -0.275551 0.0988908
-0.203333 0.815103 -0.524515 0.138375
-0.226659 0.960775 -0.154722 0.03999
0.207547 -0.944876 -0.249001 0.0461716
0.190488 -0.88316 -0.418369 0.0933296
0.183339 -0.785649 -0.576928 0.127659
0.160873 -0.658206 -0.716025 0.167907
0.134209 -0.568921 -0.789352 0.187722
0.129873 -0.529789 -0.816561 0.188905
0.101003 -0.399243 -0.882234 0.228183
0.0634938 -0.2214 -0.946094 0.227723
0.0106631 -0.048459 -0.972542 0.227376
0.00155548 0.105682 -0.96889 0.223791
-0.0277228 0.161205 -0.957685 0.23682
-0.0184376 0.198195 -0.949971 0.240693
-0.00319267 0.242651 -0.944802 0.220137
-0.0100874 0.255717 -0.938202 0.23299
-0.0251682 0.159661 -0.957769 0.237809
-0.0197009 0.156866 -0.954145 0.254189
0.0238672 0.0147752 -0.965882 0.257457
0.0979622 -0.184832 -0.946526 0.24562
0.12996 -0.384845 -0.885805 0.224399
0.144766 -0.517935 -0.819402 0.198412
0.166509 -0.597559 -0.766896 0.164528
0.186799 -0.737519 -0.634747 0.135163
0.21831 -0.863665 -0.44579 0.087723
0.238105 -0.930879 -0.269789 0.0631249
0.24371 -0.945369 -0.212423 0.0419383
0.236111 -0.954173 -0.181967 0.0263308
0.24607 -0.943182 -0.219561 0.0406365
0.241903 -0.942263 -0.225517 0.0525881
0.243936 -0.954713 -0.168051 0.0278968
0.25444 -0.951135 -0.171735 0.0333024
0.243712 -0.951369 -0.185447 0.0333363
0.232079 -0.90122 -0.356082 0.0845471
0.210593 -0.796191 -0.547519 0.148166
0.187757 -0.653234 -0.711213 0.179467
0.132183 -0.488868 -0.839653 0.196262
0.0935319 -0.311959 -0.918907 0.222583
0.0246547 -0.0929401 -0.966041 0.239834
-0.016459 0.0959948 -0.966075 0.239193
-0.070918 0.267418 -0.931684 0.235423
-0.0755149 0.340146 -0.908822 0.229437
-0.0952017 0.454577 -0.862232 0.202119
-0.106678 0.478044 -0.842745 0.223326
-0.0862467 0.44011 -0.865146 0.224471
-0.0478896 0.291268 -0.925749 0.236346
-0.0280043 0.172146 -0.956684 0.233104
-0.04318 0.142995 -0.956233 0.251609
-0.0346733 0.0902023 -0.959344 0.26518
0.0635292 -0.127287 -0.95222 0.270256
0.101071 -0.310884 -0.912876 0.244529
0.127553 -0.493078 -0.834772 0.209187
0.147896 -0.551449 -0.793751 0.20974
0.156362 -0.576068 -0.781156 0.18301
0.160083 -0.565857 -0.785519 0.192714
0.158866 -0.585359 -0.775399 0.175707
0.14997 -0.562661 -0.790978 0.187817
0.153531 -0.564716 -0.790539 0.180478
0.149967 -0.582312 -0.774867 0.194946
0.221913 -0.88849 -0.395921 0.0677339
0.238668 -0.942243 -0.229671 0.0496747
0.249741 -0.958359 -0.133273 0.0376335
-0.239087 0.970535 -0.0275823 0.0117603
-0.226774 0.946698 -0.217564 0.0707299
-0.222891 0.881952 -0.396454 0.123708
-0.24362 0.959813 -0.136117 0.029663
-0.241339 0.969249 0.0479471 0.00352397
0.242791 -0.964564 -0.101537 0.0189531
0.237999 -0.956198 -0.165505 0.0406142
0.232505 -0.934164 -0.26251 0.0660797
0.223784 -0.8779 -0.408214 0.112134
0.200762 -0.782283 -0.571567 0.145051
0.161326 -0.641296 -0.726834 0.185542
0.124248 -0.46389 -0.849691 0.2177
0.0744045 -0.289682 -0.921977 0.245982
0.0476776 -0.10999 -0.962015 0.245269
0.00684709 0.0554974 -0.965749 0.253381
0.00485452 0.0473766 -0.965587 0.255683
-0.00436414 0.0676502 -0.962591 0.262343
-0.00337112 0.0897454 -0.96819 0.233544
-0.0156963 0.0945595 -0.968006 0.231898
-0.0160229 0.10854 -0.964923 0.238508
-0.0137695 0.0807465 -0.963245 0.255832
-0.00590685 0.0915472 -0.960925 0.261167
-0.00816403 0.157944 -0.952868 0.258903
0.027719 0.000203256 -0.964991 0.260815
0.0797074 -0.214159 -0.942994 0.241961
0.135802 -0.615389 -0.764264 0.136948
0.189304 -0.688174 -0.678617 0.173377
0.205884 -0.773693 -0.583346 0.136819
0.203655 -0.77207 -0.585667 0.13938
0.197817 -0.785617 -0.568578 0.142807
0.209866 -0.748945 -0.612543 0.140816
0.184755 -0.698171 -0.675905 0.146887
0.17719 -0.624788 -0.742442 0.164388
0.174297 -0.608431 -0.754419 0.174026
0.163371 -0.597228 -0.763058 0.185395
0.174426 -0.57436 -0.778319 0.184133
0.184587 -0.57734 -0.769489 0.201229
0.175282 -0.576375 -0.769452 0.21216
0.177431 -0.56588 -0.777954 0.20757
0.187214 -0.563593 -0.780152 0.196664
0.172357 -0.564582 -0.782348 0.198675
0.168689 -0.554843 -0.787376 0.209123
0.161018 -0.564406 -0.784345 0.200802
0.174327 -0.571091 -0.775067 0.20673
0.161553 -0.571125 -0.777967 0.206117
-0.233148 0.943847 -0.218822 0.0831397
-0.252131 0.965491 -0.0421609 0.0498003
-0.252831 0.965421 0.0625263 0.0113525
0.255233 -0.959932 -0.115477 0.00722762
0.250962 -0.957606 -0.141416 0.00338072
0.24511 -0.958465 -0.142874 0.029215
0.244679 -0.956492 -0.158422 0.0125333
0.239755 -0.953876 -0.176856 0.0368858
0.220819 -0.943826 -0.2403 0.051839
0.220034 -0.906186 -0.351022 0.0848329
0.21139 -0.818553 -0.519197 0.125383
0.187475 -0.680081 -0.686623 0.17576
0.153185 -0.554374 -0.795329 0.191455
0.161188 -0.541207 -0.798647 0.208029
0.168605 -0.556895 -0.792036 0.184713
0.162794 -0.558846 -0.790844 0.189091
0.16748 -0.548272 -0.796791 0.190978
0.183734 -0.56316 -0.780439 0.200021
0.166584 -0.560839 -0.786488 0.197856
0.164106 -0.556813 -0.793024 0.184771
0.168104 -0.563317 -0.789344 0.177062
0.163096 -0.582972 -0.775805 0.177961
0.190246 -0.659925 -0.70815 0.163796
0.231717 -0.789483 -0.551661 0.136727
-0.172135 0.69739 -0.669304 0.189864
-0.112717 0.52762 -0.809596 0.23123
-0.0324955 0.155446 -0.951655 0.262933
-0.0241694 0.153064 -0.951345 0.266328
-0.0130025 0.163964 -0.95507 0.246555
-0.0186161 0.155336 -0.954862 0.252514
-0.0387909 0.208548 -0.950608 0.226598
-0.0211542 0.177457 -0.951111 0.251893
-0.026427 0.1343 -0.955785 0.260271
-0.0356321 0.150464 -0.947692 0.279231
-0.0246024 0.151364 -0.950389 0.270636
-0.0247956 0.145847 -0.95421 0.259996
-0.0208063 0.141445 -0.961185 0.235973
-0.0308481 0.161101 -0.955243 0.246181
-0.0411319 0.181057 -0.956233 0.226155
-0.0858496 0.36804 -0.895296 0.235843
-0.13084 0.511157 -0.817264 0.231686
-0.17281 0.673539 -0.691397 0.196092
-0.182981 0.747258 -0.61748 0.163836
-0.181819 0.777631 -0.57854 0.165901
-0.214747 0.81297 -0.519687 0.15129
-0.236204 0.88295 -0.387744 0.11942
-0.251734 0.947159 -0.189709 0.0594139
-0.262722 0.96473 0.016216 0.0032425
0.260191 -0.951623 -0.162356 0.0188517
0.262711 -0.948602 -0.173681 0.0311802
0.246095 -0.955029 -0.164433 0.0178321
0.246303 -0.953491 -0.170069 0.0355711
0.247208 -0.950477 -0.185933 0.0301741
0.243198 -0.949208 -0.196997 0.0324303
0.242831 -0.910883 -0.32525 0.0744143
0.226968 -0.817927 -0.512793 0.128548
0.194145 -0.708215 -0.659243 0.16167
0.161382 -0.574966 -0.778005 0.195138
0.166103 -0.548804 -0.793689 0.203181
0.162667 -0.547911 -0.791645 0.215943
0.209059 -0.641656 -0.712132 0.193494
0.236233 -0.784683 -0.55926 0.125279
0.270225 -0.935182 -0.222531 0.0537875
0.272761 -0.948388 -0.16086 0.0168935
0.261455 -0.955289 -0.136758 0.0190249
0.253755 -0.955156 -0.151401 0.019049
0.248413 -0.960009 -0.127519 0.0203197
0.251078 -0.955996 -0.150753 0.0174667
0.236282 -0.967017 -0.0951004 -0.00234332
-0.241905 0.93407 -0.250742 0.0782565
-0.198328 0.797074 -0.554121 0.135237
-0.194365 0.790434 -0.564992 0.134984
-0.197284 0.770927 -0.586113 0.152389
-0.196793 0.781714 -0.572386 0.150235
-0.175599 0.754211 -0.609582 0.16953
-0.0297282 0.146034 -0.954895 0.256837
-0.0310913 0.152622 -0.955249 0.251475
-0.186381 0.705381 -0.657094 0.189545
-0.201206 0.783923 -0.560123 0.176759
-0.192354 0.781383 -0.570922 0.162754
-0.193311 0.769516 -0.585574 0.166072
-0.210774 0.807558 -0.531861 0.143347
-0.215703 0.87387 -0.419456 0.117815
-0.23425 0.949441 -0.201713 0.0547834
0.239553 -0.969761 -0.0456898 0.00948132
0.152975 -0.536225 -0.807636 0.191796
0.181023 -0.549406 -0.78542 0.220224
0.183166 -0.537518 -0.790033 0.231025
0.178047 -0.557583 -0.785084 0.202591
0.218166 -0.731756 -0.62927 0.144763
0.256152 -0.956489 -0.136967 0.0274765
0.250223 -0.955141 -0.157414 0.0177562
0.249049 -0.956133 -0.15306 0.0189086
-0.257346 0.935014 -0.231003 0.0784891
-0.204055 0.801758 -0.538755 0.159024
-0.203425 0.773885 -0.57499 0.170606
-0.190077 0.77085 -0.58546 0.164003
-0.191302 0.769032 -0.586153 0.168576
-0.11996 0.497264 -0.826641 0.234526
-0.0385229 0.150595 -0.949064 0.274071
-0.0455603 0.134499 -0.945949 0.291573
-0.0173553 0.158805 -0.953013 0.257382
-0.0218001 0.117846 -0.959359 0.255476
-0.0136313 0.131506 -0.954819 0.266161
-0.0276172 0.118614 -0.958607 0.257372
-0.0184108 0.104997 -0.960261 0.257944
-0.0257398 0.144431 -0.952872 0.265541
-0.0351415 0.130231 -0.951863 0.275249
-0.0509922 0.217647 -0.936903 0.26878
-0.0509937 0.233556 -0.936868 0.255205
0.000959706 0.0497305 -0.96841 0.244354
0.0665405 -0.175432 -0.950786 0.246582
0.113816 -0.377941 -0.887188 0.238966
0.144148 -0.543866 -0.798606 0.21368
0.169791 -0.574347 -0.77473 0.202705
0.163128 -0.578228 -0.772555 0.205427
0.160966 -0.562176 -0.78513 0.204006
0.152561 -0.579954 -0.777699 0.188582
0.148573 -0.564638 -0.787186 0.198617
0.115562 -0.404186 -0.88087 0.217594
0.0804221 -0.24187 -0.940868 0.223156
0.0492601 -0.0606683 -0.969061 0.234121
-0.055648 0.340569 -0.906323 0.243915
-0.119131 0.521698 -0.815597 0.220093
-0.152499 0.666325 -0.703347 0.195084
-0.197232 0.781983 -0.56806 0.164043
-0.216755 0.793572 -0.544582 0.163377
-0.201688 0.803878 -0.536483 0.159021
-0.19477 0.809578 -0.531043 0.156974
-0.187741 0.798682 -0.548342 0.161809
-0.193612 0.801967 -0.544781 0.15026
-0.1773 0.800937 -0.550036 0.156605
-0.172857 0.792353 -0.569027 0.136036
-0.16957 0.655636 -0.704585 0.212011
-0.133443 0.521422 -0.805414 0.248236
-0.0959 0.360192 -0.892859 0.25272
-0.0243819 0.209575 -0.940772 0.265392
-0.0226501 0.150061 -0.956154 0.250475
-0.0314805 0.164665 -0.952321 0.254912
-0.0272032 0.159042 -0.955498 0.246962
-0.0166043 0.16554 -0.954447 0.247694
-0.0242013 0.162113 -0.955648 0.244683
-0.0173788 0.149616 -0.957163 0.247291
-0.0255758 0.148139 -0.954165 0.258787
-0.0181364 0.15239 -0.954741 0.254791
-0.0194877 0.142418 -0.959433 0.242542
-0.025628 0.140845 -0.959352 0.243209
-0.018689 0.148336 -0.955661 0.253693
-0.026219 0.160799 -0.954362 0.250301
-0.0293091 0.167745 -0.954908 0.243215
-0.0299629 0.16769 -0.948849 0.265833
-0.0239625 0.170464 -0.955367 0.240086
-0.0240516 0.166192 -0.954052 0.248167
-0.0190761 0.154565 -0.957047 0.244556
-0.0348262 0.176801 -0.952463 0.245649
-0.00892849 0.158971 -0.958261 0.237456
-0.016128 0.16127 -0.953652 0.253535
-0.0165997 0.15381 -0.951016 0.267648
-0.027843 0.146513 -0.953113 0.263315
-0.0324056 0.154348 -0.951989 0.262382
-0.0253173 0.166427 -0.949475 0.264876
0.256713 -0.952552 -0.16169 0.024506
0.266618 -0.951778 -0.150573 0.0189963
0.259504 -0.953317 -0.152613 0.023552
0.264567 -0.950861 -0.158684 0.0262151
0.264758 -0.952103 -0.151791 0.0190405
0.264358 -0.951899 -0.153896 0.0178618
0.266825 -0.949828 -0.161826 0.0210429
0.266821 -0.947762 -0.171965 0.031348
0.259554 -0.951654 -0.163273 0.0181032
0.260901 -0.953397 -0.149557 0.0244569
0.24531 -0.955343 -0.162832 0.0250828
0.243145 -0.956368 -0.160644 0.0208308
0.249068 -0.953198 -0.169775 0.0235522
0.255656 -0.952451 -0.163365 0.0280979
0.270512 -0.948733 -0.162656 0.0164942
0.272003 -0.946664 -0.169813 0.0316959
0.261171 -0.949675 -0.171378 0.0231579
0.223001 -0.964893 -0.136686 0.0238743
-0.213357 0.795737 -0.542058 0.165696
-0.201412 0.790776 -0.550399 0.176541
-0.230778 0.843095 -0.461976 0.150034
-0.236291 0.875591 -0.401606 0.127358
-0.249265 0.931844 -0.243259 0.101778
-0.255174 0.937695 -0.218041 0.0898499
-0.244255 0.934506 -0.239782 0.0976877
-0.238054 0.933434 -0.25226 0.0916294
-0.235717 0.922278 -0.285279 0.111606
-0.233358 0.892937 -0.367315 0.115274
-0.2232 0.808565 -0.521981 0.154726
-0.210498 0.772718 -0.575804 0.164459
-0.198693 0.793386 -0.549062 0.17202
-0.231899 0.858402 -0.438932 0.129255
-0.235879 0.902004 -0.346019 0.104983
-0.24494 0.914471 -0.306743 0.0982663
-0.241256 0.9127 -0.316197 0.0937789
-0.234591 0.885735 -0.384004 0.113942
-0.207105 0.81638 -0.517977 0.149434
-0.209601 0.782616 -0.563027 0.163038
-0.199868 0.801297 -0.542634 0.153377
-0.216781 0.844559 -0.466526 0.148592
-0.23052 0.90656 -0.333143 0.118432
-0.223744 0.903211 -0.348672 0.112146
-0.205866 0.857766 -0.452131 0.132037
-0.197475 0.815499 -0.521068 0.156372
-0.202094 0.782454 -0.566822 0.160114
-0.200361 0.782113 -0.561227 0.182152
-0.201486 0.786527 -0.558962 0.168347
-0.18795 0.792967 -0.555462 0.16535
-0.187782 0.79933 -0.550786 0.149811
-0.185118 0.826371 -0.511906 0.144205
-0.269977 0.956777 -0.0987308 0.0440703
0.257072 -0.950251 -0.17497 0.0179575
0.240994 -0.955614 -0.168569 0.0175787
0.24693 -0.953843 -0.17088 0.00308057
0.237803 -0.959238 -0.152609 0.00485309
0.245947 -0.953903 -0.171325 0.0150401
0.24375 -0.958277 -0.148689 0.0135131
0.250522 -0.956547 -0.148737 0.0115833
0.26103 -0.954212 -0.14487 0.0188574
0.2623 -0.951101 -0.162136 0.0178059
0.262749 -0.950176 -0.166426 0.0207679
0.238044 -0.90472 -0.345222 0.0750961
0.135259 -0.542483 -0.806733 0.191312
0.182409 -0.555583 -0.785569 0.202327
0.18075 -0.561994 -0.779219 0.210501
0.161509 -0.571524 -0.779106 0.20067
0.156168 -0.54821 -0.798116 0.195163
0.0491825 -0.11519 -0.9572 0.260925
0.00185259 0.0855078 -0.956036 0.2805
-0.0262978 0.193106 -0.944857 0.263179
-0.015141 0.172258 -0.948158 0.266635
-0.0329255 0.198281 -0.944892 0.258418
-0.0184746 0.175953 -0.94935 0.259679
-0.0179966 0.17618 -0.952197 0.248914
-0.00490927 0.154348 -0.954166 0.256359
-0.0252924 0.175657 -0.94985 0.257469
0.0182554 0.0833507 -0.963935 0.252088
0.0488958 -0.0382179 -0.969393 0.237541
0.0700726 -0.17755 -0.951667 0.240616
0.088576 -0.28923 -0.920676 0.246692
0.151585 -0.54291 -0.799643 0.206983
0.13513 -0.486052 -0.831937 0.231029
0.115892 -0.342957 -0.900689 0.240225
0.098812 -0.240486 -0.932368 0.251182
0.097161 -0.302036 -0.918584 0.235666
0.130515 -0.415502 -0.871109 0.226921
0.157645 -0.499716 -0.824496 0.21363
-0.628846 0.273413 0.645721 0.335921
-0.105858 0.687658 0.12142 0.707939
-0.264554 0.654111 0.253846 0.661598
-0.582674 0.425725 0.542484 0.430071
-0.591486 0.414685 0.548839 0.420662
-0.578959 0.422349 0.549069 0.430059
-0.579174 0.403621 0.564008 0.428419
-0.584454 0.410544 0.559203 0.420903
-0.583242 0.410718 0.558037 0.423951
-0.58026 0.410828 0.569258 0.412872
-0.571264 0.418875 0.565887 0.421869
-0.708929 -0.0596346 0.697061 -0.0892711
-0.712385 -0.113629 0.685835 -0.0960555
-0.706686 -0.114025 0.689024 -0.113309
-0.383442 -0.589188 0.369197 -0.607885
-0.444952 -0.546812 0.423493 -0.568919
-0.725686 -0.0718234 0.68096 -0.0671914
-0.699822 -0.191699 0.659692 -0.195721
-0.646694 -0.327996 0.603911 -0.330904
-0.712311 0.0907844 0.687142 0.110491
-0.604959 0.384839 0.580967 0.385227
-0.557718 0.447042 0.546619 0.436247
-0.56695 0.434148 0.540093 0.445401
-0.56131 0.434693 0.548794 0.44136
-0.587746 0.38776 0.580581 0.408806
-0.565092 0.42831 0.54021 0.453204
-0.482303 0.506506 0.473107 0.535729
-0.104641 0.686847 0.075874 0.715217
-0.0942733 0.692769 0.0851464 0.709883
-0.0850332 0.686484 0.0846723 0.717175
-0.0790955 0.679673 0.102222 0.722038
-0.0973834 0.683149 0.105627 0.716008
-0.107588 0.688444 0.103128 0.709813
-0.10842 0.676156 0.11061 0.720295
-0.113356 0.684354 0.0993957 0.713394
-0.0955546 0.681702 0.0894823 0.719823
-0.10536 0.678916 0.117606 0.717037
-0.113659 0.689227 0.100596 0.708469
-0.110932 0.692254 0.090197 0.707349
-0.110023 0.685942 0.101518 0.71209
-0.108116 0.687553 0.0843463 0.713069
-0.120609 0.680464 0.0883208 0.717371
-0.117471 0.678183 0.0880166 0.720085
-0.132151 0.677149 0.0947134 0.717659
-0.123039 0.684793 0.115226 0.708973
-0.117447 0.681478 0.0998037 0.715425
-0.125386 0.678032 0.11709 0.714731
-0.124657 0.674423 0.107215 0.719805
-0.117953 0.683764 0.104466 0.712489
-0.117998 0.681402 0.104832 0.714687
-0.129743 0.682761 0.114917 0.709787
-0.11576 0.681812 0.108744 0.714077
-0.107115 0.680808 0.130565 0.712727
-0.111907 0.678763 0.110862 0.717264
-0.114229 0.682877 0.107098 0.713556
-0.114235 0.684289 0.0984037 0.713453
0.174789 -0.551787 -0.789786 0.203024
0.146353 -0.548805 -0.799518 0.195359
0.160672 -0.550164 -0.798331 0.184855
0.156373 -0.54124 -0.804515 0.188051
0.154501 -0.551327 -0.797856 0.188662
0.163983 -0.555245 -0.792897 0.19007
0.174344 -0.555928 -0.782462 0.219778
0.165917 -0.549763 -0.788742 0.219358
0.177812 -0.56001 -0.779677 0.21651
0.169705 -0.553048 -0.784316 0.224024
0.161259 -0.551341 -0.791143 0.210027
0.16292 -0.558451 -0.786271 0.208251
0.150678 -0.556398 -0.791056 0.204811
0.157674 -0.54799 -0.79531 0.205741
0.170213 -0.565751 -0.781689 0.199789
0.160542 -0.569952 -0.780982 0.198615
0.170214 -0.568282 -0.776024 0.214173
0.171391 -0.565708 -0.779466 0.207444
0.164659 -0.557375 -0.785536 0.212494
0.167236 -0.544874 -0.791299 0.221337
0.166391 -0.554085 -0.790293 0.201845
0.176448 -0.571311 -0.773584 0.209851
0.1671 -0.559454 -0.781931 0.218341
0.165933 -0.562409 -0.784434 0.202054
0.145857 -0.52469 -0.813585 0.203728
0.116077 -0.387765 -0.883128 0.237169
0.0266663 -0.0141514 -0.967286 0.251885
-0.0142041 0.16215 -0.956067 0.243806
-0.0218965 0.175098 -0.949559 0.259229
-0.00589975 0.132583 -0.954469 0.267161
-0.0135549 0.140541 -0.956801 0.254158
-0.0166502 0.136943 -0.955296 0.261494
-0.012866 0.142262 -0.959283 0.243665
-0.0117202 0.160746 -0.957285 0.240061
-0.0294198 0.193602 -0.94413 0.265088
-0.0358536 0.180678 -0.941903 0.280873
-0.0380169 0.19221 -0.939715 0.28026
-0.019167 0.178486 -0.946808 0.267078
-0.0222528 0.174534 -0.945944 0.272456
-0.0274488 0.173279 -0.941561 0.287548
-0.0147831 0.143584 -0.95698 0.251704
0.259771 -0.952242 -0.15819 0.0270244
0.253515 -0.955544 -0.149872 0.0143257
0.244782 -0.956059 -0.158946 0.0277431
0.250341 -0.954057 -0.162564 0.0260211
0.257917 -0.937394 -0.227788 0.0537009
0.248105 -0.896687 -0.355444 0.0897596
0.218878 -0.811616 -0.527835 0.121496
0.193279 -0.708132 -0.66062 0.157396
0.184072 -0.577164 -0.769293 0.20295
0.179669 -0.570509 -0.77928 0.18698
0.170538 -0.584652 -0.768525 0.196131
0.177702 -0.572847 -0.775907 0.19554
0.183302 -0.581111 -0.768439 0.195477
0.182007 -0.562748 -0.77995 0.204611
0.176417 -0.576735 -0.771869 0.201177
0.162632 -0.565518 -0.785346 0.19228
0.169412 -0.563267 -0.783028 0.202228
0.169971 -0.565477 -0.78193 0.199829
0.158262 -0.560585 -0.78551 0.20898
0.157539 -0.573254 -0.777237 0.206068
0.151961 -0.565746 -0.78931 0.183929
0.116977 -0.44149 -0.858802 0.232081
-0.0191462 0.103876 -0.954885 0.277556
-0.0334424 0.140617 -0.946478 0.288597
-0.0264039 0.156699 -0.95448 0.252421
-0.0202414 0.148076 -0.958218 0.243889
-0.026682 0.150354 -0.957733 0.243781
-0.0176571 0.142423 -0.953317 0.265689
-0.0295417 0.158504 -0.953419 0.254943
-0.0233011 0.150599 -0.956798 0.247618
-0.0364782 0.169803 -0.95424 0.243438
-0.212514 0.825606 -0.506147 0.130489
-0.194638 0.799821 -0.545903 0.156178
-0.201615 0.784704 -0.564466 0.15802
-0.206451 0.780434 -0.566763 0.164561
-0.203375 0.775166 -0.575441 0.163169
-0.186867 0.807758 -0.539017 0.148558
-0.226141 0.808889 -0.517686 0.162975
-0.204836 0.796554 -0.540543 0.17708
-0.195052 0.768929 -0.583727 0.173105
-0.18651 0.748538 -0.608356 0.18657
-0.0803563 0.39268 -0.882306 0.246742
-0.0624141 0.31699 -0.909891 0.260232
0.2553 -0.950757 -0.17337 0.0287487
0.225346 -0.956299 -0.184361 0.0268731
0.234098 -0.955981 -0.174504 0.0290911
0.245124 -0.951117 -0.185667 0.0285995
0.244646 -0.949423 -0.193651 0.0352723
0.24414 -0.928271 -0.275042 0.0553185
0.213306 -0.84399 -0.479648 0.110089
0.176601 -0.71579 -0.662076 0.134581
0.138565 -0.587622 -0.780607 0.161722
0.1042 -0.390424 -0.894122 0.193024
0.0429503 -0.181939 -0.959818 0.209293
0.0154966 0.0124769 -0.978368 0.205913
-0.0224583 0.19611 -0.957251 0.211442
-0.0383009 0.180719 -0.948042 0.259016
0.167766 -0.559526 -0.785786 0.203289
0.153955 -0.566339 -0.784534 0.200162
0.144626 -0.579034 -0.777615 0.197782
0.15368 -0.56137 -0.789525 0.194668
0.156404 -0.568259 -0.785372 0.189233
0.235051 -0.963401 -0.127776 0.0168265
0.241735 -0.959487 -0.142095 0.0275383
0.25733 -0.961079 -0.100384 0.00563686
-0.247809 0.967525 -0.0426979 0.0257432
-0.247422 0.940685 -0.22229 0.0669443
-0.220246 0.889576 -0.385436 0.107641
-0.185791 0.791973 -0.560217 0.156264
-0.204005 0.82938 -0.502429 0.134444
-0.216529 0.920141 -0.319955 0.0639166
-0.237001 0.963509 -0.115631 0.0459364
0.240791 -0.961767 -0.129563 0.0154206
0.133819 -0.530014 -0.819632 0.171409
0.143726 -0.46301 -0.846601 0.219618
0.0781708 -0.253429 -0.928945 0.25831
0.256745 -0.932835 -0.249569 0.0402192
-0.229566 0.87788 -0.401327 0.12475
-0.217493 0.862333 -0.437941 0.131478
-0.200389 0.834004 -0.493431 0.144248
-0.20935 0.820223 -0.51064 0.150513
-0.197486 0.784004 -0.567488 0.155866
-0.194601 0.799302 -0.546328 0.157391
-0.207341 0.804798 -0.531955 0.162277
-0.192175 0.781129 -0.569103 0.170373
-0.203462 0.790462 -0.554519 0.162116
-0.197241 0.790771 -0.55939 0.151196
-0.203059 0.787624 -0.55806 0.164267
-0.19414 0.791328 -0.557881 0.157727
-0.189132 0.790188 -0.563667 0.148698
-0.189119 0.788211 -0.562074 0.16441
-0.209838 0.788254 -0.55418 0.165856
-0.186767 0.767542 -0.588925 0.170774
-0.150627 0.691705 -0.674809 0.20854
-0.127669 0.552491 -0.794433 0.217557
-0.0696705 0.373537 -0.892263 0.243892
-0.0678371 0.262029 -0.931139 0.244375
-0.034229 0.223527 -0.942542 0.245926
-0.021989 0.175134 -0.951157 0.253268
-0.0330889 0.1551 -0.955506 0.248714
-0.0160026 0.115411 -0.961022 0.250722
-0.0148778 0.125035 -0.956668 0.262547
-0.0268706 0.127777 -0.956594 0.260536
-0.0314715 0.138237 -0.955926 0.257111
-0.0322829 0.137976 -0.956896 0.253517
-0.0320541 0.139607 -0.953604 0.264805
-0.0352875 0.150936 -0.953703 0.257727
-0.016619 0.143683 -0.955252 0.258016
-0.0178859 0.150388 -0.956728 0.248465
-0.0309622 0.175935 -0.952326 0.247315
-0.0628179 0.259579 -0.93191 0.24539
-0.0828554 0.369734 -0.892239 0.245647
-0.190165 0.795167 -0.554004 0.156931
-0.168332 0.783928 -0.580491 0.141956
-0.17981 0.787212 -0.569741 0.152846
-0.16855 0.77837 -0.582932 0.161002
-0.176549 0.786526 -0.570947 0.155646
-0.177903 0.778521 -0.580193 0.160099
-0.194913 0.766815 -0.587717 0.169091
-0.178021 0.787988 -0.566929 0.161169
-0.183404 0.795538 -0.556958 0.152577
-0.18125 0.811382 -0.537587 0.140743
-0.191298 0.814376 -0.528724 0.143694
-0.227641 0.886641 -0.383801 0.121429
-0.233148 0.943847 -0.218822 0.0831397
-0.252131 0.965491 -0.0421609 0.0498003
-0.252831 0.965421 0.0625263 0.0113525
0.255233 -0.959932 -0.115477 0.00722762
0.250962 -0.957606 -0.141416 0.00338072
0.24511 -0.958465 -0.142874 0.029215
0.244679 -0.956492 -0.158422 0.0125333
0.239755 -0.953876 -0.176856 0.0368858
0.220819 -0.943826 -0.2403 0.051839
0.220034 -0.906186 -0.351022 0.0848329
0.21139 -0.818553 -0.519197 0.125383
0.187475 -0.680081 -0.686623 0.17576
0.153185 -0.554374 -0.795329 0.191455
0.161188 -0.541207 -0.798647 0.208029
0.168605 -0.556895 -0.792036 0.184713
0.162794 -0.558846 -0.790844 0.189091
0.16748 -0.548272 -0.796791 0.190978
0.183734 -0.56316 -0.780439 0.200021
0.166584 -0.560839 -0.786488 0.197856
0.164106 -0.556813 -0.793024 0.184771
0.168104 -0.563317 -0.789344 0.177062
0.167511 -0.553807 -0.791082 0.198562
0.181171 -0.550595 -0.78994 0.200044
0.171556 -0.546793 -0.792465 0.208771
0.168154 -0.566838 -0.784518 0.186952
0.163096 -0.582972 -0.775805 0.177961
0.190246 -0.659925 -0.70815 0.163796
0.257695 -0.890501 -0.364354 0.088587
0.259722 -0.943566 -0.198246 0.0540982
0.253403 -0.951965 -0.170612 0.0210224
0.244683 -0.959242 -0.140447 0.0161041
-0.256395 0.964052 0.0645911 0.0263425
-0.268619 0.962904 0.0178704 0.0184254
0.267162 -0.96056 -0.0769543 -0.00522162
0.257947 -0.956991 -0.132322 0.0110561
-0.264789 0.960927 0.0776096 0.0219953
-0.260604 0.957524 -0.100922 0.0710492
-0.245403 0.918467 -0.289733 0.110681
-0.217999 0.832637 -0.485202 0.15418
-0.222099 0.786233 -0.554157 0.159437
-0.207236 0.785268 -0.560599 0.161668
-0.207998 0.798465 -0.54174 0.160338
-0.189304 0.801695 -0.544742 0.157176
-0.195541 0.791306 -0.555095 0.165733
-0.206577 0.794649 -0.546722 0.164176
-0.193698 0.790057 -0.559687 0.158245
-0.1937 0.792437 -0.555845 0.159876
-0.207837 0.804228 -0.534149 0.157185
-0.195709 0.786804 -0.555061 0.185861
-0.190187 0.786387 -0.56105 0.175061
-0.201156 0.780839 -0.567166 0.167776
-0.199401 0.767741 -0.580145 0.185055
-0.208931 0.773926 -0.571622 0.175029
-0.203842 0.779882 -0.568613 0.164048
-0.207839 0.766232 -0.582295 0.174998
-0.204972 0.786756 -0.558152 0.165737
-0.112717 0.52762 -0.809596 0.23123
0.253755 -0.955156 -0.151401 0.019049
0.248413 -0.960009 -0.127519 0.0203197
0.236282 -0.967017 -0.0951004 -0.00234332
-0.247392 0.968289 -0.0197826 0.0286866
-0.241905 0.93407 -0.250742 0.0782565
-0.229637 0.869862 -0.422369 0.110505
-0.229647 0.793559 -0.543306 0.149485
-0.209428 0.783515 -0.563032 0.15887
-0.198328 0.797074 -0.554121 0.135237
-0.194365 0.790434 -0.564992 0.134984
-0.0192945 0.16412 -0.952423 0.256092
-0.027754 0.162515 -0.948919 0.269019
-0.0216634 0.164198 -0.94908 0.267986
0.169216 -0.569845 -0.778005 0.203348
0.0122955 0.104205 -0.960726 0.256898
-0.0541384 0.322692 -0.909328 0.257025
-0.0948787 0.482325 -0.841152 0.225441
-0.211756 0.837888 -0.481106 0.14711
-0.198221 0.798909 -0.54001 0.17562
-0.202331 0.797026 -0.542196 0.172732
-0.190299 0.786896 -0.559906 0.176314
-0.189536 0.765986 -0.589113 0.174036
-0.164364 0.691007 -0.673254 0.205482
-0.122283 0.54594 -0.792832 0.241689
-0.0771937 0.399976 -0.87926 0.246907
-0.0615147 0.290953 -0.922033 0.247824
-0.00420826 0.101426 -0.960909 0.257581
-0.0075344 0.126713 -0.956952 0.261017
-0.0606181 0.294682 -0.917076 0.261649
-0.0960975 0.453341 -0.853347 0.238844
-0.140467 0.609704 -0.751974 0.207521
-0.163292 0.73614 -0.632117 0.1785
-0.213909 0.855017 -0.451673 0.138491
-0.247824 0.962992 -0.101651 0.0299364
0.252498 -0.962262 -0.0998924 0.0178377
0.25564 -0.911477 -0.313839 0.0732264
0.251202 -0.863547 -0.428031 0.0892936
-0.264286 0.962948 -0.0422556 0.0331574
0.235232 -0.87167 -0.420867 0.0879151
0.168462 -0.642155 -0.727734 0.172222
0.130834 -0.471192 -0.845438 0.214698
0.0919436 -0.296047 -0.920608 0.237453
0.00510651 0.103134 -0.961605 0.25427
-0.0434937 0.271957 -0.92783 0.251555
-0.0913654 0.457867 -0.853647 0.230863
-0.142018 0.619392 -0.739925 0.220669
-0.140893 0.648137 -0.717895 0.211413
-0.10464 0.511789 -0.819848 0.234461
-0.079489 0.347481 -0.895321 0.267093
-0.021227 0.176232 -0.948378 0.262813
-0.0270467 0.158385 -0.954901 0.249692
-0.00976078 0.119153 -0.963865 0.238059
0.0179833 0.0320524 -0.970741 0.237298
0.0481144 -0.11371 -0.958393 0.257368
0.0516064 -0.143916 -0.954329 0.256674
0.0607217 -0.141871 -0.955844 0.250097
0.0499115 -0.136424 -0.955825 0.255533
0.0540268 -0.132867 -0.95945 0.242658
0.0698578 -0.175305 -0.948457 0.254594
0.116459 -0.351629 -0.897794 0.238245
0.157319 -0.521575 -0.810074 0.216775
0.169233 -0.601267 -0.752301 0.20948
0.179312 -0.595828 -0.758184 0.194917
0.168877 -0.596065 -0.759435 0.19861
0.168778 -0.583649 -0.769816 0.195578
0.150675 -0.542753 -0.801834 0.199443
0.131649 -0.573095 -0.792298 0.162771
0.15191 -0.502131 -0.823426 0.216234
0.166082 -0.537277 -0.800668 0.206592
0.168441 -0.533095 -0.803935 0.202797
0.163902 -0.544359 -0.796368 0.206417
0.168411 -0.54117 -0.795729 0.213516
0.176654 -0.556754 -0.785703 0.203689
0.178704 -0.570237 -0.776604 0.199451
0.186439 -0.612358 -0.745958 0.183859
0.191933 -0.662136 -0.701566 0.180399
0.196473 -0.667386 -0.694043 0.185201
0.195542 -0.654382 -0.709856 0.172199
0.191903 -0.617305 -0.737871 0.194047
0.19665 -0.611336 -0.743011 0.1885
0.178323 -0.597532 -0.759492 0.185281
0.184181 -0.647122 -0.722136 0.160719
0.197023 -0.710177 -0.657905 0.154892
0.237745 -0.835613 -0.481005 0.117737
0.245986 -0.916439 -0.308615 0.0662368
0.276243 -0.952363 -0.128486 0.0136596
0.262937 -0.956359 -0.125678 0.0211473
0.257134 -0.958651 -0.121528 0.0100959
0.252152 -0.960187 -0.119968 0.00828679
0.270987 -0.953472 -0.131356 0.0142353
0.240735 -0.961619 -0.131596 0.00424715
0.250432 -0.957151 -0.144673 0.0147101
0.246303 -0.958183 -0.145414 0.00861774
0.239102 -0.95934 -0.148764 0.0191582
0.258945 -0.954211 -0.147833 0.0239684
0.26078 -0.954175 -0.145981 0.0153075
0.26665 -0.952561 -0.145712 0.0171195
0.254072 -0.954194 -0.157678 0.00993765
0.239559 -0.956225 -0.166909 0.0196513
0.265341 -0.952125 -0.150627 0.0191018
0.263008 -0.95238 -0.153513 0.015245
0.260644 -0.956148 -0.133359 0.00782729
0.248445 -0.95526 -0.15883 0.0229525
0.251435 -0.954704 -0.157453 0.0230333
0.247113 -0.955695 -0.159265 0.0147681
0.264718 -0.952253 -0.149861 0.0260691
0.270307 -0.952152 -0.140137 0.0264989
0.261666 -0.953317 -0.149271 0.020855
0.25908 -0.954155 -0.148299 0.0217743
0.272566 -0.952293 -0.136124 0.0177949
0.277875 -0.94883 -0.149456 0.0130288
0.276018 -0.949644 -0.148019 0.00898737
0.280838 -0.94582 -0.162365 0.01385
0.270324 -0.949566 -0.157434 0.0215277
0.254041 -0.952206 -0.16745 0.0269896
0.260413 -0.95053 -0.167164 0.02709
0.267701 -0.950874 -0.154598 0.0165729
0.26056 -0.949757 -0.17233 0.0193103
0.267074 -0.949083 -0.166678 0.011439
0.264744 -0.95119 -0.157172 0.0210859
0.264494 -0.951138 -0.158287 0.0180464
0.26245 -0.950807 -0.162201 0.0278889
0.26498 -0.948415 -0.172052 0.0263167
0.258433 -0.95351 -0.154634 0.0109125
0.260257 -0.952127 -0.159244 0.0190495
0.239018 -0.956094 -0.16818 0.0216973
0.256204 -0.953313 -0.1592 0.0144728
0.260435 -0.952476 -0.156784 0.0195514
0.274284 -0.947137 -0.1654 0.0184821
0.256713 -0.952552 -0.16169 0.024506
0.266618 -0.951778 -0.150573 0.0189963
0.259504 -0.953317 -0.152613 0.023552
0.264567 -0.950861 -0.158684 0.0262151
-0.576697 -0.412488 -0.578871 0.402719
-0.557749 -0.424167 -0.583186 0.410966
-0.556975 -0.415034 -0.581486 0.423556
-0.556819 -0.418717 -0.583881 0.416787
-0.691143 -0.0195306 -0.722391 0.00956112
-0.677652 0.104901 -0.7176 -0.1218
-0.678913 0.126877 -0.713092 -0.120326
-0.00427722 0.712678 -0.0167342 -0.701279
-0.477602 -0.532434 -0.482433 0.505637
-0.559203 -0.420903 -0.584454 0.410544
-0.558037 -0.423951 -0.583242 0.410718
-0.569258 -0.412872 -0.58026 0.410828
-0.565887 -0.421869 -0.571264 0.418875
-0.572517 -0.43305 -0.573023 0.395395
-0.696386 -0.039679 -0.714087 0.0595911
-0.697061 0.0892711 -0.708929 -0.0596346
-0.685747 0.107509 -0.713757 -0.0935081
-0.0633283 -0.719267 -0.057042 0.689486
-0.0334221 0.731884 -0.0423989 -0.679287
-0.625256 0.295041 -0.666209 -0.279591
-0.219964 -0.676758 -0.235551 0.661914
-0.295158 -0.653133 -0.322227 0.61844
-0.00939596 -0.711777 -0.0273098 0.701812
-0.529407 0.464348 -0.56212 -0.43374
-0.651096 0.270454 -0.669698 -0.233308
-0.687393 0.108913 -0.70842 -0.117345
-0.683115 -0.112125 -0.714134 0.1039
-0.690483 -0.102709 -0.708729 0.101918
-0.641616 -0.263064 -0.671997 0.259897
-0.540093 -0.445401 -0.56695 0.434148
0.158577 -0.545885 -0.801298 0.186504
0.173383 -0.560527 -0.785405 0.197198
0.162379 -0.558852 -0.788564 0.198708
0.167115 -0.557517 -0.786468 0.206679
0.174789 -0.551787 -0.789786 0.203024
0.146353 -0.548805 -0.799518 0.195359
0.15953 -0.547649 -0.797374 0.197043
0.160672 -0.550164 -0.798331 0.184855
0.156373 -0.54124 -0.804515 0.188051
0.151566 -0.546771 -0.801328 0.189586
0.160343 -0.555233 -0.790604 0.202365
0.155743 -0.561468 -0.784381 0.212706
0.159342 -0.554734 -0.791355 0.201586
0.154501 -0.551327 -0.797856 0.188662
0.155696 -0.545095 -0.800012 0.196496
0.16655 -0.566353 -0.78201 0.199915
0.170973 -0.561703 -0.784584 0.199214
0.173333 -0.538832 -0.796961 0.210878
0.165796 -0.547995 -0.79682 0.193108
0.163983 -0.555245 -0.792897 0.19007
0.159709 -0.544185 -0.798734 0.200948
0.160324 -0.549783 -0.796593 0.193583
0.176212 -0.54844 -0.790428 0.208293
0.169972 -0.555753 -0.784243 0.217282
0.161898 -0.54839 -0.795293 0.201412
0.166318 -0.551489 -0.793135 0.197828
0.166196 -0.547814 -0.7979 0.188771
0.167328 -0.546847 -0.795662 0.199704
0.174727 -0.546363 -0.791892 0.20944
0.165377 -0.54443 -0.795656 0.207796
0.163951 -0.556173 -0.78606 0.214247
0.167143 -0.576502 -0.773392 0.203896
0.166827 -0.566975 -0.77903 0.209333
0.174344 -0.555928 -0.782462 0.219778
0.180446 -0.580729 -0.764387 0.214256
0.159685 -0.562221 -0.78329 0.211817
0.165917 -0.549763 -0.788742 0.219358
0.177812 -0.56001 -0.779677 0.21651
0.169705 -0.553048 -0.784316 0.224024
0.161259 -0.551341 -0.791143 0.210027
0.16292 -0.558451 -0.786271 0.208251
0.150678 -0.556398 -0.791056 0.204811
0.157674 -0.54799 -0.79531 0.205741
0.170213 -0.565751 -0.781689 0.199789
0.160542 -0.569952 -0.780982 0.198615
0.170214 -0.568282 -0.776024 0.214173
0.171391 -0.565708 -0.779466 0.207444
0.164659 -0.557375 -0.785536 0.212494
0.167236 -0.544874 -0.791299 0.221337
0.166391 -0.554085 -0.790293 0.201845
0.176448 -0.571311 -0.773584 0.209851
0.1671 -0.559454 -0.781931 0.218341
0.165933 -0.562409 -0.784434 0.202054
0.145857 -0.52469 -0.813585 0.203728
0.116077 -0.387765 -0.883128 0.237169
0.0703816 -0.189359 -0.947381 0.248313
0.0266663 -0.0141514 -0.967286 0.251885
-0.0142041 0.16215 -0.956067 0.243806
-0.0218965 0.175098 -0.949559 0.259229
-0.0135549 0.140541 -0.956801 0.254158
-0.0166502 0.136943 -0.955296 0.261494
-0.012866 0.142262 -0.959283 0.243665
-0.0117202 0.160746 -0.957285 0.240061
-0.0275664 0.175855 -0.947567 0.265391
-0.0294198 0.193602 -0.94413 0.265088
-0.242121 0.969806 0.0270316 0.0110949
0.236201 -0.967469 -0.0903196 0.00743767
0.246485 -0.959044 -0.1394 0.00694607
0.255019 -0.956596 -0.140626 0.0106691
0.259771 -0.952242 -0.15819 0.0270244
0.253515 -0.955544 -0.149872 0.0143257
0.244782 -0.956059 -0.158946 0.0277431
0.250341 -0.954057 -0.162564 0.0260211
0.248105 -0.896687 -0.355444 0.0897596
0.218878 -0.811616 -0.527835 0.121496
0.193279 -0.708132 -0.66062 0.157396
0.184072 -0.577164 -0.769293 0.20295
0.179669 -0.570509 -0.77928 0.18698
0.170538 -0.584652 -0.768525 0.196131
0.177702 -0.572847 -0.775907 0.19554
0.183302 -0.581111 -0.768439 0.195477
0.182007 -0.562748 -0.77995 0.204611
0.176417 -0.576735 -0.771869 0.201177
0.162632 -0.565518 -0.785346 0.19228
0.169412 -0.563267 -0.783028 0.202228
0.169971 -0.565477 -0.78193 0.199829
0.158262 -0.560585 -0.78551 0.20898
0.157539 -0.573254 -0.777237 0.206068
0.151961 -0.565746 -0.78931 0.183929
0.116977 -0.44149 -0.858802 0.232081
0.0302579 -0.0645632 -0.959727 0.271735
-0.0191462 0.103876 -0.954885 0.277556
-0.0334424 0.140617 -0.946478 0.288597
-0.018728 0.148093 -0.949153 0.277175
-0.0264039 0.156699 -0.95448 0.252421
-0.0202414 0.148076 -0.958218 0.243889
-0.026682 0.150354 -0.957733 0.243781
-0.0421448 0.154433 -0.949783 0.268862
-0.0176571 0.142423 -0.953317 0.265689
-0.195052 0.768929 -0.583727 0.173105
-0.1891 0.780564 -0.57034 0.17226
-0.125556 0.539209 -0.794716 0.24883
-0.0803563 0.39268 -0.882306 0.246742
0.25213 -0.953322 -0.163898 0.0273063
0.246651 -0.954215 -0.167819 0.0217649
0.2553 -0.950757 -0.17337 0.0287487
0.225346 -0.956299 -0.184361 0.0268731
0.234098 -0.955981 -0.174504 0.0290911
0.245124 -0.951117 -0.185667 0.0285995
0.244646 -0.949423 -0.193651 0.0352723
0.24414 -0.928271 -0.275042 0.0553185
0.213306 -0.84399 -0.479648 0.110089
0.176601 -0.71579 -0.662076 0.134581
0.138565 -0.587622 -0.780607 0.161722
0.1042 -0.390424 -0.894122 0.193024
0.0429503 -0.181939 -0.959818 0.209293
0.0154966 0.0124769 -0.978368 0.205913
-0.0224583 0.19611 -0.957251 0.211442
-0.0201255 0.170207 -0.953864 0.246512
-0.0383009 0.180719 -0.948042 0.259016
-0.0267438 0.183233 -0.951461 0.24583
-0.0199961 0.147296 -0.959716 0.238431
0.0428589 -0.0155351 -0.968945 0.243039
0.159553 -0.550798 -0.794596 0.199451
0.167766 -0.559526 -0.785786 0.203289
0.153955 -0.566339 -0.784534 0.200162
0.144626 -0.579034 -0.777615 0.197782
0.156404 -0.568259 -0.785372 0.189233
0.179943 -0.632954 -0.732108 0.176089
0.201791 -0.761097 -0.597677 0.150976
0.241811 -0.879741 -0.39488 0.107953
0.235051 -0.963401 -0.127776 0.0168265
0.241735 -0.959487 -0.142095 0.0275383
0.25733 -0.961079 -0.100384 0.00563686
-0.247809 0.967525 -0.0426979 0.0257432
-0.185791 0.791973 -0.560217 0.156264
-0.204005 0.82938 -0.502429 0.134444
-0.216529 0.920141 -0.319955 0.0639166
-0.237001 0.963509 -0.115631 0.0459364
0.240791 -0.961767 -0.129563 0.0154206
0.133819 -0.530014 -0.819632 0.171409
0.172012 -0.538845 -0.801872 0.192506
0.143726 -0.46301 -0.846601 0.219618
0.0781708 -0.253429 -0.928945 0.25831
0.0374334 -0.0652411 -0.958348 0.275521
0.000163687 0.111224 -0.957791 0.265078
-0.0150782 0.188176 -0.947304 0.2588
-0.0195475 0.209591 -0.946358 0.245147
-0.00257767 0.171262 -0.954066 0.245806
0.0482347 -0.0805179 -0.962168 0.255779
0.160163 -0.555001 -0.793477 0.191615
0.174736 -0.602751 -0.755861 0.186636
0.180831 -0.632669 -0.73216 0.175987
0.244931 -0.888957 -0.378541 0.0804409
0.240619 -0.901753 -0.351733 0.0723053
0.242495 -0.902612 -0.348023 0.0732687
0.240578 -0.909309 -0.334077 0.0606052
0.25194 -0.911538 -0.319839 0.0576832
0.256745 -0.932835 -0.249569 0.0402192
0.265138 -0.937831 -0.221362 0.0342584
-0.234375 0.881902 -0.389683 0.124355
-0.227584 0.887967 -0.382739 0.115025
-0.233054 0.88244 -0.389402 0.123903
-0.229566 0.87788 -0.401327 0.12475
-0.217493 0.862333 -0.437941 0.131478
-0.200389 0.834004 -0.493431 0.144248
-0.20935 0.820223 -0.51064 0.150513
-0.197486 0.784004 -0.567488 0.155866
-0.194601 0.799302 -0.546328 0.157391
-0.207341 0.804798 -0.531955 0.162277
-0.192175 0.781129 -0.569103 0.170373
-0.203462 0.790462 -0.554519 0.162116
-0.197241 0.790771 -0.55939 0.151196
-0.203059 0.787624 -0.55806 0.164267
-0.19414 0.791328 -0.557881 0.157727
-0.189132 0.790188 -0.563667 0.148698
-0.189119 0.788211 -0.562074 0.16441
-0.209838 0.788254 -0.55418 0.165856
-0.192367 0.77936 -0.571223 0.171163
-0.186767 0.767542 -0.588925 0.170774
-0.150627 0.691705 -0.674809 0.20854
-0.127669 0.552491 -0.794433 0.217557
-0.0696705 0.373537 -0.892263 0.243892
-0.0678371 0.262029 -0.931139 0.244375
-0.034229 0.223527 -0.942542 0.245926
-0.0447879 0.196928 -0.946408 0.252044
-0.021989 0.175134 -0.951157 0.253268
-0.0330889 0.1551 -0.955506 0.248714
-0.0120152 0.129101 -0.957627 0.257175
-0.0160026 0.115411 -0.961022 0.250722
-0.0148778 0.125035 -0.956668 0.262547
-0.0268706 0.127777 -0.956594 0.260536
-0.0322829 0.137976 -0.956896 0.253517
-0.0320541 0.139607 -0.953604 0.264805
-0.0352875 0.150936 -0.953703 0.257727
-0.016619 0.143683 -0.955252 0.258016
-0.0178859 0.150388 -0.956728 0.248465
-0.0309622 0.175935 -0.952326 0.247315
-0.0628179 0.259579 -0.93191 0.24539
-0.0828554 0.369734 -0.892239 0.245647
-0.190165 0.795167 -0.554004 0.156931
-0.226449 0.773476 -0.564981 0.176784
-0.168332 0.783928 -0.580491 0.141956
-0.17981 0.787212 -0.569741 0.152846
-0.16855 0.77837 -0.582932 0.161002
-0.176549 0.786526 -0.570947 0.155646
-0.177903 0.778521 -0.580193 0.160099
-0.194913 0.766815 -0.587717 0.169091
-0.178021 0.787988 -0.566929 0.161169
-0.183404 0.795538 -0.556958 0.152577
-0.18125 0.811382 -0.537587 0.140743
-0.191298 0.814376 -0.528724 0.143694
-0.227641 0.886641 -0.383801 0.121429
-0.233148 0.943847 -0.218822 0.0831397
-0.252131 0.965491 -0.0421609 0.0498003
-0.252831 0.965421 0.0625263 0.0113525
0.255233 -0.959932 -0.115477 0.00722762
0.250962 -0.957606 -0.141416 0.00338072
0.24511 -0.958465 -0.142874 0.029215
0.244679 -0.956492 -0.158422 0.0125333
0.239755 -0.953876 -0.176856 0.0368858
0.220819 -0.943826 -0.2403 0.051839
0.220034 -0.906186 -0.351022 0.0848329
0.21139 -0.818553 -0.519197 0.125383
0.187475 -0.680081 -0.686623 0.17576
0.153185 -0.554374 -0.795329 0.191455
0.161188 -0.541207 -0.798647 0.208029
0.168605 -0.556895 -0.792036 0.184713
0.162794 -0.558846 -0.790844 0.189091
0.16748 -0.548272 -0.796791 0.190978
0.183734 -0.56316 -0.780439 0.200021
0.166584 -0.560839 -0.786488 0.197856
0.164106 -0.556813 -0.793024 0.184771
0.168104 -0.563317 -0.789344 0.177062
0.167511 -0.553807 -0.791082 0.198562
0.181171 -0.550595 -0.78994 0.200044
0.171556 -0.546793 -0.792465 0.208771
0.168154 -0.566838 -0.784518 0.186952
0.163096 -0.582972 -0.775805 0.177961
0.257695 -0.890501 -0.364354 0.088587
0.259722 -0.943566 -0.198246 0.0540982
0.244683 -0.959242 -0.140447 0.0161041
0.25822 -0.958556 -0.119096 0.0175734
-0.256395 0.964052 0.0645911 0.0263425
-0.268619 0.962904 0.0178704 0.0184254
0.267162 -0.96056 -0.0769543 -0.00522162
0.257947 -0.956991 -0.132322 0.0110561
-0.264789 0.960927 0.0776096 0.0219953
-0.260604 0.957524 -0.100922 0.0710492
-0.245403 0.918467 -0.289733 0.110681
-0.217999 0.832637 -0.485202 0.15418
-0.222099 0.786233 -0.554157 0.159437
-0.207236 0.785268 -0.560599 0.161668
-0.207998 0.798465 -0.54174 0.160338
-0.189304 0.801695 -0.544742 0.157176
-0.195541 0.791306 -0.555095 0.165733
-0.206577 0.794649 -0.546722 0.164176
-0.193698 0.790057 -0.559687 0.158245
-0.1937 0.792437 -0.555845 0.159876
-0.207837 0.804228 -0.534149 0.157185
-0.195709 0.786804 -0.555061 0.185861
-0.190187 0.786387 -0.56105 0.175061
-0.201156 0.780839 -0.567166 0.167776
-0.199401 0.767741 -0.580145 0.185055
-0.208931 0.773926 -0.571622 0.175029
-0.203842 0.779882 -0.568613 0.164048
-0.207839 0.766232 -0.582295 0.174998
-0.206162 0.77698 -0.56996 0.170131
-0.112717 0.52762 -0.809596 0.23123
-0.0387909 0.208548 -0.950608 0.226598
-0.229637 0.869862 -0.422369 0.110505
-0.229647 0.793559 -0.543306 0.149485
-0.0317093 0.150114 -0.95173 0.265838
0.0122955 0.104205 -0.960726 0.256898
-0.0541384 0.322692 -0.909328 0.257025
-0.0948787 0.482325 -0.841152 0.225441
-0.129858 0.55237 -0.791587 0.22675
-0.166743 0.673222 -0.695274 0.188581
-0.188196 0.762908 -0.59619 0.164655
-0.173573 0.769101 -0.587206 0.183152
-0.194293 0.795163 -0.552136 0.158469
-0.194047 0.799486 -0.543713 0.165965
-0.208104 0.836395 -0.482099 0.157217
-0.206939 0.829311 -0.494182 0.158756
-0.204212 0.813625 -0.519149 0.1637
-0.206865 0.806709 -0.525694 0.173418
-0.198221 0.798909 -0.54001 0.17562
-0.202331 0.797026 -0.542196 0.172732
-0.164364 0.691007 -0.673254 0.205482
-0.122283 0.54594 -0.792832 0.241689
-0.00420826 0.101426 -0.960909 0.257581
-0.0075344 0.126713 -0.956952 0.261017
-0.0606181 0.294682 -0.917076 0.261649
-0.0677904 0.355484 -0.899301 0.245548
-0.072642 0.387509 -0.887526 0.238446
-0.0960975 0.453341 -0.853347 0.238844
-0.140467 0.609704 -0.751974 0.207521
-0.163292 0.73614 -0.632117 0.1785
-0.213909 0.855017 -0.451673 0.138491
-0.247824 0.962992 -0.101651 0.0299364
0.252498 -0.962262 -0.0998924 0.0178377
0.25564 -0.911477 -0.313839 0.0732264
0.251202 -0.863547 -0.428031 0.0892936
0.255332 -0.88938 -0.372212 0.0725786
-0.264286 0.962948 -0.0422556 0.0331574
0.27094 -0.962221 -0.0268943 -8.87831e-005
0.273538 -0.944054 -0.182128 0.0277074
0.208527 -0.755133 -0.60436 0.145052
0.168462 -0.642155 -0.727734 0.172222
-0.0434937 0.271957 -0.92783 0.251555
-0.0913654 0.457867 -0.853647 0.230863
-0.142018 0.619392 -0.739925 0.220669
-0.141834 0.673692 -0.698977 0.193527
-0.140893 0.648137 -0.717895 0.211413
-0.10464 0.511789 -0.819848 0.234461
-0.079489 0.347481 -0.895321 0.267093
-0.0420211 0.199193 -0.945583 0.253828
-0.021227 0.176232 -0.948378 0.262813
-0.0270467 0.158385 -0.954901 0.249692
-0.00976078 0.119153 -0.963865 0.238059
0.0179833 0.0320524 -0.970741 0.237298
0.0481144 -0.11371 -0.958393 0.257368
0.0516064 -0.143916 -0.954329 0.256674
0.0607217 -0.141871 -0.955844 0.250097
0.0499115 -0.136424 -0.955825 0.255533
0.0540268 -0.132867 -0.95945 0.242658
0.0698578 -0.175305 -0.948457 0.254594
0.116459 -0.351629 -0.897794 0.238245
0.157319 -0.521575 -0.810074 0.216775
0.169233 -0.601267 -0.752301 0.20948
0.179312 -0.595828 -0.758184 0.194917
0.168877 -0.596065 -0.759435 0.19861
0.168778 -0.583649 -0.769816 0.195578
0.150675 -0.542753 -0.801834 0.199443
0.131649 -0.573095 -0.792298 0.162771
0.15191 -0.502131 -0.823426 0.216234
0.166082 -0.537277 -0.800668 0.206592
0.157937 -0.554634 -0.793921 0.192681
0.16904 -0.531179 -0.807528 0.192805
0.168441 -0.533095 -0.803935 0.202797
0.169205 -0.538798 -0.797992 0.210417
0.163902 -0.544359 -0.796368 0.206417
0.168411 -0.54117 -0.795729 0.213516
0.176654 -0.556754 -0.785703 0.203689
0.178704 -0.570237 -0.776604 0.199451
0.186439 -0.612358 -0.745958 0.183859
0.191933 -0.662136 -0.701566 0.180399
0.196473 -0.667386 -0.694043 0.185201
0.195542 -0.654382 -0.709856 0.172199
0.178323 -0.597532 -0.759492 0.185281
0.184181 -0.647122 -0.722136 0.160719
0.197023 -0.710177 -0.657905 0.154892
0.237745 -0.835613 -0.481005 0.117737
0.245986 -0.916439 -0.308615 0.0662368
0.276243 -0.952363 -0.128486 0.0136596
0.262937 -0.956359 -0.125678 0.0211473
0.257134 -0.958651 -0.121528 0.0100959
0.252152 -0.960187 -0.119968 0.00828679
0.270987 -0.953472 -0.131356 0.0142353
0.240735 -0.961619 -0.131596 0.00424715
0.250432 -0.957151 -0.144673 0.0147101
0.246303 -0.958183 -0.145414 0.00861774
0.239102 -0.95934 -0.148764 0.0191582
0.258945 -0.954211 -0.147833 0.0239684
0.26078 -0.954175 -0.145981 0.0153075
0.26665 -0.952561 -0.145712 0.0171195
0.254072 -0.954194 -0.157678 0.00993765
0.239559 -0.956225 -0.166909 0.0196513
0.259886 -0.953765 -0.150723 0.00862254
0.265341 -0.952125 -0.150627 0.0191018
0.263008 -0.95238 -0.153513 0.015245
0.260644 -0.956148 -0.133359 0.00782729
0.248445 -0.95526 -0.15883 0.0229525
0.251435 -0.954704 -0.157453 0.0230333
0.258009 -0.956183 -0.137952 0.0107191
0.247113 -0.955695 -0.159265 0.0147681
0.264718 -0.952253 -0.149861 0.0260691
0.270307 -0.952152 -0.140137 0.0264989
0.261666 -0.953317 -0.149271 0.020855
0.25908 -0.954155 -0.148299 0.0217743
0.272566 -0.952293 -0.136124 0.0177949
0.277875 -0.94883 -0.149456 0.0130288
0.276018 -0.949644 -0.148019 0.00898737
0.280838 -0.94582 -0.162365 0.01385
0.270324 -0.949566 -0.157434 0.0215277
0.254041 -0.952206 -0.16745 0.0269896
0.260413 -0.95053 -0.167164 0.02709
0.267701 -0.950874 -0.154598 0.0165729
0.26056 -0.949757 -0.17233 0.0193103
0.267074 -0.949083 -0.166678 0.011439
0.264744 -0.95119 -0.157172 0.0210859
0.264494 -0.951138 -0.158287 0.0180464
0.26245 -0.950807 -0.162201 0.0278889
0.26498 -0.948415 -0.172052 0.0263167
0.258433 -0.95351 -0.154634 0.0109125
0.260257 -0.952127 -0.159244 0.0190495
0.239018 -0.956094 -0.16818 0.0216973
0.256204 -0.953313 -0.1592 0.0144728
0.260435 -0.952476 -0.156784 0.0195514
0.274284 -0.947137 -0.1654 0.0184821
0.256713 -0.952552 -0.16169 0.024506
-0.578871 0.402719 0.576697 0.412488
-0.581486 0.423556 0.556975 0.415034
-0.585878 0.412202 0.564962 0.409456
-0.59548 0.409121 0.56647 0.396404
-0.582732 0.424261 0.550814 0.42075
-0.585772 0.418722 0.562284 0.406669
-0.720662 -0.0906944 0.676734 -0.120217
-0.466944 0.515775 0.443294 0.565181
-0.324958 0.616834 0.318629 0.642179
-0.210271 0.660615 0.205802 0.690666
-0.132153 0.69527 0.151253 0.690115
-0.100607 0.683866 0.126435 0.711491
-0.0461177 0.689331 0.0598794 0.720494
-0.0453194 -0.691729 0.0392969 -0.719662
-0.710469 -0.113105 0.687176 -0.101146
-0.702471 -0.13102 0.690149 -0.114288
-0.71257 -0.124869 0.680639 -0.115682
-0.709452 -0.101173 0.6877 -0.116237
-0.71074 -0.113937 0.681495 -0.13203
-0.603229 -0.388193 0.571556 -0.398428
-0.62164 -0.356202 0.596103 -0.362415
-0.680057 -0.198907 0.670848 -0.218909
-0.680432 -0.295569 0.615136 -0.266944
-0.705756 -0.0833997 0.697134 -0.0946432
-0.123867 0.671895 0.126865 0.71911
-0.0920656 0.674596 0.152094 0.716458
-0.114581 0.684417 0.146143 0.705044
-0.0888072 0.686246 0.0998408 0.714991
-0.111889 0.687181 0.108689 0.709543
-0.0870066 0.689461 0.0778844 0.714848
-0.0900625 0.677884 0.0924692 0.723749
-0.0725843 0.688902 0.0900783 0.715564
-0.0570509 0.684985 0.0921107 0.720456
-0.0631385 0.67806 0.0798032 0.727929
-0.056409 0.686711 0.0759246 0.720751
-0.0470352 0.689734 0.0761741 0.718507
-0.0645607 0.704926 0.0586163 0.7039
-0.0714954 0.676675 0.0894777 0.727319
-0.081967 0.674916 0.09477 0.727179
-0.0921478 0.677253 0.116294 0.720634
-0.145035 0.665416 0.155858 0.715469
-0.126216 0.676105 0.174575 0.70461
-0.127841 0.675274 0.165911 0.707203
-0.0999667 0.67706 0.141538 0.715237
-0.0965454 0.677571 0.145322 0.714464
-0.0891526 0.680311 0.139393 0.714002
-0.086316 0.68187 0.111828 0.717703
-0.119855 0.686683 0.0934675 0.710891
-0.0858161 0.683213 0.0874665 0.719865
-0.0931041 0.685076 0.0928233 0.71651
-0.169592 0.663547 0.194193 0.702306
-0.131875 0.665174 0.123827 0.724444
-0.0382603 0.686006 0.0776785 0.722426
-0.122994 -0.685416 0.0956019 -0.711293
-0.414879 -0.575145 0.388004 -0.588674
-0.420362 -0.568235 0.408552 -0.577486
-0.154849 0.694721 0.152129 0.685741
-0.0745807 0.68914 0.106124 0.712924
-0.0916024 0.692386 0.112583 0.706778
-0.252784 0.644959 0.254157 0.674931
-0.251551 0.647226 0.250675 0.674524
-0.237173 0.645352 0.241367 0.684844
-0.0222528 0.174534 -0.945944 0.272456
-0.0274488 0.173279 -0.941561 0.287548
-0.00859618 0.152095 -0.949036 0.275905
-0.0147831 0.143584 -0.95698 0.251704
0.0301637 0.0540681 -0.964827 0.255493
0.0750439 -0.18072 -0.947879 0.251463
0.123639 -0.405948 -0.876785 0.226205
0.12892 -0.555236 -0.807271 0.152995
0.164573 -0.550398 -0.792583 0.204427
0.173027 -0.561809 -0.783796 0.20024
0.162762 -0.582221 -0.773485 0.19039
0.153831 -0.557087 -0.792042 0.196619
0.156548 -0.542083 -0.79847 0.209966
0.162541 -0.539344 -0.801927 0.198999
0.162899 -0.548563 -0.79362 0.206664
0.165393 -0.555776 -0.791204 0.194303
0.170816 -0.593087 -0.761906 0.196391
0.213982 -0.733978 -0.630746 0.132841
0.234738 -0.858764 -0.444217 0.100474
0.250354 -0.922124 -0.289682 0.0556216
0.240498 -0.949731 -0.192627 0.0553879
0.237727 -0.957774 -0.160128 0.0226834
0.248616 -0.965447 -0.0781005 -0.00188581
-0.254189 0.9651 -0.0526818 0.0345648
-0.24869 0.953868 -0.159294 0.0539941
-0.251707 0.963962 -0.0760929 0.0403856
-0.250263 0.96803 -0.012265 0.0116308
-0.242121 0.969806 0.0270316 0.0110949
0.236201 -0.967469 -0.0903196 0.00743767
-0.0295417 0.158504 -0.953419 0.254943
-0.0233011 0.150599 -0.956798 0.247618
-0.0364782 0.169803 -0.95424 0.243438
-0.0222145 0.170143 -0.953261 0.2487
-0.0249319 0.152475 -0.951516 0.265985
-0.0250398 0.173351 -0.947603 0.267154
-0.0206506 0.19632 -0.953672 0.22703
-0.0166242 0.154055 -0.951336 0.266365
-0.0270746 0.151341 -0.95302 0.26099
-0.0345454 0.223775 -0.938833 0.25947
-0.0955349 0.406972 -0.876285 0.239525
-0.14084 0.559432 -0.784771 0.226569
-0.185335 0.702434 -0.66176 0.185235
-0.190235 0.830756 -0.500329 0.152728
-0.22188 0.917999 -0.31047 0.107963
-0.228887 0.965591 -0.119974 0.0291619
0.231937 -0.96872 -0.0781383 0.041001
0.230888 -0.938264 -0.250851 0.0585305
0.234278 -0.87669 -0.409314 0.0948175
0.238961 -0.844464 -0.467956 0.103904
0.230524 -0.822057 -0.510498 0.102332
0.233278 -0.828364 -0.497508 0.108995
0.220373 -0.831493 -0.498904 0.105596
0.230606 -0.849805 -0.463662 0.0983335
0.247304 -0.908748 -0.33092 0.059243
0.249806 -0.934645 -0.250017 0.0390911
0.245644 -0.960666 -0.127872 0.0207298
-0.183892 0.724324 -0.641049 0.174913
-0.106262 0.43183 -0.865167 0.231769
-0.131147 0.568155 -0.784497 0.211104
-0.136739 0.591502 -0.763306 0.22089
-0.130493 0.570913 -0.781825 0.213962
-0.122329 0.543069 -0.80052 0.221991
-0.114074 0.495498 -0.830597 0.227106
-0.121337 0.476048 -0.839671 0.231536
-0.163202 0.642128 -0.722209 0.198621
-0.212284 0.864627 -0.440458 0.115551
-0.226679 0.922536 -0.29779 0.094157
-0.248795 0.962823 -0.100721 0.0304654
0.249856 -0.963652 -0.0933083 0.0155004
0.214057 -0.844198 -0.479074 0.109536
0.187258 -0.730533 -0.640074 0.146838
0.148772 -0.603561 -0.76265 0.178736
0.115564 -0.430036 -0.869486 0.213794
0.110284 -0.347168 -0.903393 0.22626
0.12242 -0.420393 -0.873985 0.210791
0.155147 -0.503564 -0.824074 0.207977
0.158239 -0.540296 -0.803192 0.194739
0.167574 -0.634222 -0.732812 0.180744
0.213478 -0.772519 -0.58411 0.128285
0.232718 -0.888596 -0.388808 0.0711851
0.215388 -0.915998 -0.334576 0.0511355
0.217153 -0.799708 -0.542777 0.136765
0.189309 -0.684897 -0.682984 0.169148
0.149633 -0.498578 -0.829699 0.201565
-0.0087363 0.0642876 -0.966027 0.250165
-0.0308035 0.170299 -0.94941 0.262051
-0.026501 0.199073 -0.947378 0.249285
-0.0326708 0.215117 -0.943274 0.250784
-0.0341753 0.192268 -0.9499 0.24404
-0.0372538 0.192957 -0.949726 0.24372
-0.0180371 0.165668 -0.955431 0.243683
-0.0175571 0.176593 -0.9499 0.257288
-0.0170348 0.182193 -0.951552 0.247112
-0.0262236 0.1893 -0.944613 0.266802
-0.012597 0.179043 -0.94894 0.25942
-0.00194144 0.174748 -0.950996 0.255082
-0.0225354 0.18384 -0.942341 0.278726
-0.014192 0.17043 -0.952505 0.251963
-0.0093141 0.174866 -0.948549 0.263801
-0.0370031 0.170527 -0.942409 0.285337
-0.015638 0.175073 -0.947805 0.266029
-0.0118339 0.183015 -0.946247 0.266425
-0.0242912 0.183442 -0.943965 0.273293
-0.0150245 0.181545 -0.947337 0.26338
-0.00379215 0.185322 -0.945373 0.268165
-0.0149546 0.180702 -0.947626 0.262922
-0.0245425 0.176326 -0.945945 0.271098
-0.0200647 0.169624 -0.946118 0.27511
-0.0273231 0.173411 -0.950466 0.256508
-0.0316632 0.173454 -0.952093 0.249859
-0.0294788 0.163121 -0.948263 0.270776
-0.0108627 0.145544 -0.95368 0.263048
-0.0323382 0.189845 -0.946243 0.25988
-0.0291107 0.181209 -0.948116 0.259601
-0.0144493 0.176032 -0.948619 0.262537
-0.0334677 0.1735 -0.941391 0.287333
-0.0286785 0.161198 -0.946954 0.276535
-0.0211228 0.159474 -0.949485 0.269446
-0.0312503 0.179686 -0.940788 0.285753
-0.0104264 0.175079 -0.948798 0.26272
-0.0217991 0.162092 -0.953152 0.254465
-0.0393932 0.165378 -0.945459 0.277858
-0.0340943 0.144588 -0.951104 0.270802
-0.0381288 0.166564 -0.942508 0.287197
-0.0294753 0.166557 -0.941958 0.290008
-0.0319344 0.142569 -0.950556 0.27404
-0.03311 0.171697 -0.9479 0.266289
-0.0282224 0.162333 -0.948376 0.270988
-0.0315818 0.197615 -0.942456 0.26782
-0.0701763 0.287059 -0.919025 0.260894
-0.0975161 0.468105 -0.845628 0.237236
-0.151762 0.638021 -0.725791 0.207664
-0.19303 0.80093 -0.540231 0.171469
-0.189268 0.809747 -0.533832 0.153332
-0.195699 0.805036 -0.536017 0.162188
-0.186658 0.786455 -0.566176 0.161529
-0.204821 0.797835 -0.544993 0.156494
-0.199617 0.792565 -0.551093 0.168199
-0.217963 0.788609 -0.548825 0.1714
-0.195096 0.780766 -0.565714 0.179751
-0.208751 0.799436 -0.538826 0.164294
-0.207507 0.796176 -0.541716 0.172015
-0.205058 0.789147 -0.55136 0.176636
-0.188936 0.763077 -0.591627 0.17887
-0.202032 0.772354 -0.577832 0.169594
-0.20231 0.774961 -0.572168 0.176438
-0.189698 0.772763 -0.577222 0.183485
-0.187024 0.763618 -0.592617 0.175256
-0.189538 0.77792 -0.574298 0.170582
-0.194915 0.779558 -0.570712 0.169074
-0.183324 0.775485 -0.579701 0.170183
-0.12138 0.569611 -0.792483 0.181056
-0.0583493 0.396153 -0.890128 0.217554
-0.0374193 0.1263 -0.958008 0.254694
-0.0266946 0.123184 -0.956134 0.264426
-0.0288616 0.120216 -0.956224 0.265236
-0.0376209 0.18117 -0.945299 0.268648
-0.0978959 0.376803 -0.884147 0.258303
-0.141494 0.544443 -0.795975 0.223573
-0.177273 0.700112 -0.663 0.197099
-0.217833 0.833497 -0.486389 0.145796
0.2513 -0.963915 -0.0877569 0.00387832
0.252523 -0.950623 -0.179894 0.0136384
0.235101 -0.956546 -0.170425 0.0265098
0.229773 -0.959659 -0.160276 0.0238857
0.21358 -0.961093 -0.174426 0.0160923
0.232732 -0.954796 -0.181853 0.0336275
0.248908 -0.959082 -0.13411 0.0148913
0.257804 -0.953394 -0.15475 0.025095
0.259309 -0.956808 -0.131301 0.00615117
0.25881 -0.958154 -0.121908 0.00985661
0.253526 -0.963347 -0.0876646 0.00168876
0.263237 -0.957491 -0.117269 0.012837
0.267 -0.954414 -0.132242 0.0178091
0.254872 -0.957773 -0.133065 0.00207926
0.245086 -0.96247 -0.11598 0.0115593
0.233267 -0.96635 -0.108371 0.00307141
0.245931 -0.963358 -0.106758 -0.00790114
0.244254 -0.964886 -0.0966152 0.000969103
0.237824 -0.967179 -0.0894193 0.00289653
0.262472 -0.96092 -0.0874632 0.0095693
0.261893 -0.961158 -0.0839438 0.0232433
0.256358 -0.960647 -0.104798 0.0213336
0.244666 -0.962237 -0.119215 -0.00513058
0.249016 -0.960775 -0.122078 0.000213409
0.247856 -0.959992 -0.130278 -0.00335106
0.239339 -0.959194 -0.150308 0.00851721
0.263992 -0.943039 -0.199009 0.0371498
0.245327 -0.945142 -0.214675 0.0208805
0.219658 -0.951896 -0.210661 0.0355788
0.227008 -0.951216 -0.20648 0.0319521
0.226414 -0.958565 -0.171938 0.0181229
0.221445 -0.959704 -0.17195 0.0190663
0.223998 -0.957447 -0.180256 0.0250722
0.220862 -0.961528 -0.162265 0.0188152
0.232796 -0.95838 -0.1648 0.0124298
0.230502 -0.95894 -0.164307 0.0174911
0.238714 -0.960595 -0.141893 0.0117882
0.25747 -0.956647 -0.135823 0.00933414
0.273796 -0.949731 -0.150132 0.0225063
0.265457 -0.953517 -0.142006 0.0131427
0.255654 -0.958622 -0.125062 0.00667909
0.262002 -0.954804 -0.138904 0.0202537
0.2567 -0.95725 -0.132744 0.0125566
0.261497 -0.949904 -0.168524 0.0300256
0.273631 -0.941136 -0.194489 0.0395428
0.264345 -0.940428 -0.211516 0.0312767
0.243971 -0.943398 -0.221224 0.0392288
0.233165 -0.937397 -0.255563 0.0401044
0.23242 -0.922832 -0.30251 0.053384
0.248334 -0.91212 -0.32366 0.0401397
0.255642 -0.924257 -0.281794 0.031451
0.259814 -0.947654 -0.185495 0.00631501
0.230837 -0.96919 -0.085853 -0.00365706
-0.242315 0.969373 0.0262518 0.0301736
-0.236906 0.958983 -0.144568 0.0576807
-0.219836 0.905793 -0.345035 0.110284
-0.212514 0.825606 -0.506147 0.130489
-0.194638 0.799821 -0.545903 0.156178
-0.201615 0.784704 -0.564466 0.15802
-0.186867 0.807758 -0.539017 0.148558
-0.226141 0.808889 -0.517686 0.162975
-0.204836 0.796554 -0.540543 0.17708
-0.195052 0.768929 -0.583727 0.173105
-0.0624141 0.31699 -0.909891 0.260232
-0.0900671 0.370861 -0.890297 0.248439
-0.126957 0.506863 -0.824354 0.217743
-0.155979 0.666205 -0.702583 0.195496
-0.243424 0.952259 -0.175632 0.0556873
-0.251946 0.967106 0.0329438 0.0119699
0.246721 -0.954895 -0.164162 0.0188472
0.25213 -0.953322 -0.163898 0.0273063
0.246651 -0.954215 -0.167819 0.0217649
0.2553 -0.950757 -0.17337 0.0287487
0.144626 -0.579034 -0.777615 0.197782
0.15368 -0.56137 -0.789525 0.194668
0.156404 -0.568259 -0.785372 0.189233
0.179943 -0.632954 -0.732108 0.176089
0.201791 -0.761097 -0.597677 0.150976
0.241811 -0.879741 -0.39488 0.107953
0.254499 -0.942376 -0.208026 0.0623143
0.235051 -0.963401 -0.127776 0.0168265
0.241735 -0.959487 -0.142095 0.0275383
0.138061 -0.481265 -0.836744 0.221772
0.247842 -0.851427 -0.453114 0.0912925
0.246045 -0.882774 -0.391649 0.082362
0.244931 -0.888957 -0.378541 0.0804409
0.240619 -0.901753 -0.351733 0.0723053
0.242495 -0.902612 -0.348023 0.0732687
0.240578 -0.909309 -0.334077 0.0606052
0.25194 -0.911538 -0.319839 0.0576832
0.256745 -0.932835 -0.249569 0.0402192
0.265138 -0.937831 -0.221362 0.0342584
0.275733 -0.949455 -0.149652 0.0105088
-0.260711 0.962503 0.0736334 0.014024
-0.190165 0.795167 -0.554004 0.156931
-0.226449 0.773476 -0.564981 0.176784
-0.168332 0.783928 -0.580491 0.141956
-0.17981 0.787212 -0.569741 0.152846
-0.176549 0.786526 -0.570947 0.155646
-0.178021 0.787988 -0.566929 0.161169
-0.183404 0.795538 -0.556958 0.152577
-0.18125 0.811382 -0.537587 0.140743
-0.191298 0.814376 -0.528724 0.143694
-0.227641 0.886641 -0.383801 0.121429
0.257695 -0.890501 -0.364354 0.088587
-0.675986 0.134556 -0.715134 -0.116276
-0.675253 -0.138889 -0.711616 0.135447
-0.6301 -0.305857 -0.650407 0.293933
-0.556628 -0.422067 -0.58735 0.408711
-0.571836 -0.40897 -0.596456 0.387282
0.0285471 0.719226 0.00431778 -0.694176
-0.689024 0.113309 -0.706686 -0.114025
-0.687176 0.101146 -0.710469 -0.113105
-0.690149 0.114288 -0.702471 -0.13102
-0.680639 0.115682 -0.71257 -0.124869
-0.681495 0.13203 -0.71074 -0.113937
-0.0991682 -0.710346 -0.0830962 0.691859
0.0576886 0.723192 0.0433037 -0.68687
-0.632767 -0.327972 -0.633227 0.301767
-0.493487 -0.511903 -0.501399 0.492975
-0.674361 0.137702 -0.711026 -0.143936
-0.687356 0.141115 -0.702278 -0.120138
-0.0752785 0.720664 -0.0793416 -0.684603
-0.0654163 -0.717769 -0.0558814 0.690946
-0.135737 -0.709443 -0.106771 0.683276
-0.132533 -0.710529 -0.0951503 0.684493
-0.0998408 -0.714991 -0.0888072 0.686246
-0.108689 -0.709543 -0.111889 0.687181
-0.0836519 -0.717375 -0.086485 0.686218
-0.0778844 -0.714848 -0.0870066 0.689461
-0.0858878 -0.712779 -0.101277 0.688703
-0.0924692 -0.723749 -0.0900625 0.677884
-0.0921107 -0.720456 -0.0570509 0.684985
-0.0798032 -0.727929 -0.0631385 0.67806
-0.0759246 -0.720751 -0.056409 0.686711
-0.0761741 -0.718507 -0.0470352 0.689734
-0.0580786 -0.713827 -0.0649009 0.694885
-0.0894777 -0.727319 -0.0714954 0.676675
-0.145322 -0.714464 -0.0965454 0.677571
-0.139393 -0.714002 -0.0891526 0.680311
0.0243112 0.731854 0.000505084 -0.681027
-0.408552 0.577486 -0.420362 -0.568235
-0.575414 0.415776 -0.601266 -0.366754
0.0252203 0.72086 0.0154005 -0.692451
-0.391471 0.583708 -0.422752 -0.572115
-0.393967 0.55696 -0.450958 -0.575519
-0.395856 0.570709 -0.43837 -0.570457
-0.395091 0.571336 -0.441808 -0.5677
-0.40461 0.567466 -0.446549 -0.561131
-0.394095 0.577111 -0.439337 -0.56446
-0.388007 0.579209 -0.428659 -0.574646
-0.36824 0.585099 -0.417633 -0.589611
-0.369041 0.592621 -0.405805 -0.589858
-0.151182 0.704067 -0.178167 -0.67059
-0.692663 0.130216 -0.702933 -0.0956374
-0.0380169 0.19221 -0.939715 0.28026
-0.019167 0.178486 -0.946808 0.267078
-0.0222528 0.174534 -0.945944 0.272456
-0.0274488 0.173279 -0.941561 0.287548
-0.00859618 0.152095 -0.949036 0.275905
-0.0147831 0.143584 -0.95698 0.251704
0.0301637 0.0540681 -0.964827 0.255493
0.0750439 -0.18072 -0.947879 0.251463
0.123639 -0.405948 -0.876785 0.226205
0.12892 -0.555236 -0.807271 0.152995
0.175785 -0.546456 -0.787264 0.22517
0.164573 -0.550398 -0.792583 0.204427
0.173027 -0.561809 -0.783796 0.20024
0.162762 -0.582221 -0.773485 0.19039
0.153831 -0.557087 -0.792042 0.196619
0.156548 -0.542083 -0.79847 0.209966
0.162541 -0.539344 -0.801927 0.198999
0.162899 -0.548563 -0.79362 0.206664
0.165393 -0.555776 -0.791204 0.194303
0.170816 -0.593087 -0.761906 0.196391
0.213982 -0.733978 -0.630746 0.132841
0.234738 -0.858764 -0.444217 0.100474
0.250354 -0.922124 -0.289682 0.0556216
0.240498 -0.949731 -0.192627 0.0553879
0.237727 -0.957774 -0.160128 0.0226834
0.248616 -0.965447 -0.0781005 -0.00188581
-0.254189 0.9651 -0.0526818 0.0345648
-0.249141 0.930326 -0.253826 0.0894206
-0.238918 0.890661 -0.370552 0.111054
-0.212384 0.88355 -0.403191 0.108023
-0.225169 0.937856 -0.254449 0.0705792
-0.24869 0.953868 -0.159294 0.0539941
-0.251707 0.963962 -0.0760929 0.0403856
-0.250263 0.96803 -0.012265 0.0116308
-0.242121 0.969806 0.0270316 0.0110949
-0.0176571 0.142423 -0.953317 0.265689
-0.0295417 0.158504 -0.953419 0.254943
-0.0233011 0.150599 -0.956798 0.247618
-0.0364782 0.169803 -0.95424 0.243438
-0.0222145 0.170143 -0.953261 0.2487
-0.0249319 0.152475 -0.951516 0.265985
-0.0250398 0.173351 -0.947603 0.267154
-0.0206506 0.19632 -0.953672 0.22703
-0.0166242 0.154055 -0.951336 0.266365
-0.0270746 0.151341 -0.95302 0.26099
-0.0345454 0.223775 -0.938833 0.25947
-0.0955349 0.406972 -0.876285 0.239525
-0.14084 0.559432 -0.784771 0.226569
-0.185335 0.702434 -0.66176 0.185235
-0.1806 0.780189 -0.578699 0.154261
0.231937 -0.96872 -0.0781383 0.041001
0.230888 -0.938264 -0.250851 0.0585305
0.234278 -0.87669 -0.409314 0.0948175
0.238961 -0.844464 -0.467956 0.103904
0.230524 -0.822057 -0.510498 0.102332
0.233278 -0.828364 -0.497508 0.108995
0.220373 -0.831493 -0.498904 0.105596
0.230606 -0.849805 -0.463662 0.0983335
0.247304 -0.908748 -0.33092 0.059243
0.249806 -0.934645 -0.250017 0.0390911
0.245644 -0.960666 -0.127872 0.0207298
-0.233526 0.968804 -0.0770408 0.0308161
-0.175695 0.683894 -0.682987 0.18695
-0.159359 0.634304 -0.730522 0.196473
-0.122514 0.574409 -0.777941 0.223276
-0.10513 0.486673 -0.840187 0.214901
-0.0838768 0.413284 -0.880228 0.217623
-0.106262 0.43183 -0.865167 0.231769
-0.121781 0.521884 -0.813712 0.225121
-0.131147 0.568155 -0.784497 0.211104
-0.136739 0.591502 -0.763306 0.22089
-0.122329 0.543069 -0.80052 0.221991
-0.114074 0.495498 -0.830597 0.227106
-0.121337 0.476048 -0.839671 0.231536
-0.163202 0.642128 -0.722209 0.198621
-0.178057 0.771338 -0.582581 0.184208
-0.212284 0.864627 -0.440458 0.115551
-0.226679 0.922536 -0.29779 0.094157
-0.248795 0.962823 -0.100721 0.0304654
0.249856 -0.963652 -0.0933083 0.0155004
0.214057 -0.844198 -0.479074 0.109536
0.187258 -0.730533 -0.640074 0.146838
0.148772 -0.603561 -0.76265 0.178736
0.115564 -0.430036 -0.869486 0.213794
0.110284 -0.347168 -0.903393 0.22626
0.12242 -0.420393 -0.873985 0.210791
0.155147 -0.503564 -0.824074 0.207977
0.158239 -0.540296 -0.803192 0.194739
0.167574 -0.634222 -0.732812 0.180744
0.213478 -0.772519 -0.58411 0.128285
0.232718 -0.888596 -0.388808 0.0711851
0.215388 -0.915998 -0.334576 0.0511355
0.217153 -0.799708 -0.542777 0.136765
0.189309 -0.684897 -0.682984 0.169148
-0.0087363 0.0642876 -0.966027 0.250165
-0.0325147 0.143597 -0.954113 0.260752
-0.0308035 0.170299 -0.94941 0.262051
-0.026501 0.199073 -0.947378 0.249285
-0.0326708 0.215117 -0.943274 0.250784
-0.0341753 0.192268 -0.9499 0.24404
-0.0237732 0.18687 -0.95202 0.241189
-0.0372538 0.192957 -0.949726 0.24372
-0.0122336 0.162279 -0.954304 0.250639
-0.0150915 0.155 -0.955175 0.251771
-0.0180371 0.165668 -0.955431 0.243683
-0.0175571 0.176593 -0.9499 0.257288
-0.0170348 0.182193 -0.951552 0.247112
-0.0262236 0.1893 -0.944613 0.266802
-0.012597 0.179043 -0.94894 0.25942
-0.00194144 0.174748 -0.950996 0.255082
-0.0225354 0.18384 -0.942341 0.278726
-0.014192 0.17043 -0.952505 0.251963
-0.0093141 0.174866 -0.948549 0.263801
-0.0370031 0.170527 -0.942409 0.285337
-0.015638 0.175073 -0.947805 0.266029
-0.0118339 0.183015 -0.946247 0.266425
-0.0242912 0.183442 -0.943965 0.273293
-0.0150245 0.181545 -0.947337 0.26338
-0.00379215 0.185322 -0.945373 0.268165
-0.0149546 0.180702 -0.947626 0.262922
-0.0245425 0.176326 -0.945945 0.271098
-0.0200647 0.169624 -0.946118 0.27511
-0.0273231 0.173411 -0.950466 0.256508
-0.0316632 0.173454 -0.952093 0.249859
-0.0294788 0.163121 -0.948263 0.270776
-0.0108627 0.145544 -0.95368 0.263048
-0.0323382 0.189845 -0.946243 0.25988
-0.0291107 0.181209 -0.948116 0.259601
-0.0144493 0.176032 -0.948619 0.262537
-0.0334677 0.1735 -0.941391 0.287333
-0.0286785 0.161198 -0.946954 0.276535
-0.0211228 0.159474 -0.949485 0.269446
-0.0312503 0.179686 -0.940788 0.285753
-0.0104264 0.175079 -0.948798 0.26272
-0.0217991 0.162092 -0.953152 0.254465
-0.0393932 0.165378 -0.945459 0.277858
-0.0340943 0.144588 -0.951104 0.270802
-0.0381288 0.166564 -0.942508 0.287197
-0.0294753 0.166557 -0.941958 0.290008
-0.0319344 0.142569 -0.950556 0.27404
-0.03311 0.171697 -0.9479 0.266289
-0.0282224 0.162333 -0.948376 0.270988
-0.0315818 0.197615 -0.942456 0.26782
-0.0701763 0.287059 -0.919025 0.260894
-0.0975161 0.468105 -0.845628 0.237236
-0.151762 0.638021 -0.725791 0.207664
-0.197984 0.770392 -0.576119 0.188111
-0.19303 0.80093 -0.540231 0.171469
-0.189268 0.809747 -0.533832 0.153332
-0.195699 0.805036 -0.536017 0.162188
-0.186658 0.786455 -0.566176 0.161529
-0.204821 0.797835 -0.544993 0.156494
-0.199617 0.792565 -0.551093 0.168199
-0.217963 0.788609 -0.548825 0.1714
-0.195096 0.780766 -0.565714 0.179751
-0.208751 0.799436 -0.538826 0.164294
-0.207507 0.796176 -0.541716 0.172015
-0.205058 0.789147 -0.55136 0.176636
-0.188936 0.763077 -0.591627 0.17887
-0.202032 0.772354 -0.577832 0.169594
-0.20231 0.774961 -0.572168 0.176438
-0.189698 0.772763 -0.577222 0.183485
-0.187024 0.763618 -0.592617 0.175256
-0.12138 0.569611 -0.792483 0.181056
-0.0583493 0.396153 -0.890128 0.217554
-0.0256126 0.150845 -0.956726 0.247518
-0.0374193 0.1263 -0.958008 0.254694
-0.0266946 0.123184 -0.956134 0.264426
-0.0288616 0.120216 -0.956224 0.265236
-0.0376209 0.18117 -0.945299 0.268648
-0.0978959 0.376803 -0.884147 0.258303
-0.141494 0.544443 -0.795975 0.223573
-0.177273 0.700112 -0.663 0.197099
-0.254406 0.960559 -0.099008 0.0529271
0.2513 -0.963915 -0.0877569 0.00387832
0.252523 -0.950623 -0.179894 0.0136384
0.235101 -0.956546 -0.170425 0.0265098
0.229773 -0.959659 -0.160276 0.0238857
0.21358 -0.961093 -0.174426 0.0160923
0.232732 -0.954796 -0.181853 0.0336275
0.248908 -0.959082 -0.13411 0.0148913
0.257804 -0.953394 -0.15475 0.025095
0.259309 -0.956808 -0.131301 0.00615117
0.25881 -0.958154 -0.121908 0.00985661
0.253526 -0.963347 -0.0876646 0.00168876
0.263237 -0.957491 -0.117269 0.012837
0.267 -0.954414 -0.132242 0.0178091
0.254872 -0.957773 -0.133065 0.00207926
0.245086 -0.96247 -0.11598 0.0115593
0.233267 -0.96635 -0.108371 0.00307141
0.245931 -0.963358 -0.106758 -0.00790114
0.244254 -0.964886 -0.0966152 0.000969103
0.237824 -0.967179 -0.0894193 0.00289653
0.262472 -0.96092 -0.0874632 0.0095693
0.261893 -0.961158 -0.0839438 0.0232433
0.256358 -0.960647 -0.104798 0.0213336
0.244666 -0.962237 -0.119215 -0.00513058
0.249016 -0.960775 -0.122078 0.000213409
0.247856 -0.959992 -0.130278 -0.00335106
0.239339 -0.959194 -0.150308 0.00851721
0.263992 -0.943039 -0.199009 0.0371498
0.245327 -0.945142 -0.214675 0.0208805
0.219658 -0.951896 -0.210661 0.0355788
0.227008 -0.951216 -0.20648 0.0319521
0.226414 -0.958565 -0.171938 0.0181229
0.221445 -0.959704 -0.17195 0.0190663
0.223998 -0.957447 -0.180256 0.0250722
0.220862 -0.961528 -0.162265 0.0188152
0.232796 -0.95838 -0.1648 0.0124298
0.230502 -0.95894 -0.164307 0.0174911
0.238714 -0.960595 -0.141893 0.0117882
0.25747 -0.956647 -0.135823 0.00933414
0.273796 -0.949731 -0.150132 0.0225063
0.265457 -0.953517 -0.142006 0.0131427
0.255654 -0.958622 -0.125062 0.00667909
0.262002 -0.954804 -0.138904 0.0202537
0.2567 -0.95725 -0.132744 0.0125566
0.261497 -0.949904 -0.168524 0.0300256
0.273631 -0.941136 -0.194489 0.0395428
0.264345 -0.940428 -0.211516 0.0312767
0.243971 -0.943398 -0.221224 0.0392288
0.233165 -0.937397 -0.255563 0.0401044
0.23242 -0.922832 -0.30251 0.053384
0.248334 -0.91212 -0.32366 0.0401397
0.255642 -0.924257 -0.281794 0.031451
0.259814 -0.947654 -0.185495 0.00631501
0.230837 -0.96919 -0.085853 -0.00365706
-0.242315 0.969373 0.0262518 0.0301736
-0.236906 0.958983 -0.144568 0.0576807
-0.219836 0.905793 -0.345035 0.110284
-0.201615 0.784704 -0.564466 0.15802
-0.206451 0.780434 -0.566763 0.164561
-0.203375 0.775166 -0.575441 0.163169
-0.226141 0.808889 -0.517686 0.162975
-0.212513 0.794998 -0.540542 0.175015
-0.225598 0.773969 -0.563193 0.181357
-0.195052 0.768929 -0.583727 0.173105
-0.1891 0.780564 -0.57034 0.17226
-0.18651 0.748538 -0.608356 0.18657
-0.125556 0.539209 -0.794716 0.24883
-0.0803563 0.39268 -0.882306 0.246742
-0.0796095 0.330626 -0.909243 0.240054
-0.0624141 0.31699 -0.909891 0.260232
-0.0900671 0.370861 -0.890297 0.248439
-0.126957 0.506863 -0.824354 0.217743
-0.155979 0.666205 -0.702583 0.195496
-0.180187 0.789739 -0.568163 0.145036
-0.216783 0.884563 -0.395375 0.119298
-0.243424 0.952259 -0.175632 0.0556873
-0.251946 0.967106 0.0329438 0.0119699
0.246721 -0.954895 -0.164162 0.0188472
0.25213 -0.953322 -0.163898 0.0273063
0.246651 -0.954215 -0.167819 0.0217649
0.156404 -0.568259 -0.785372 0.189233
0.179943 -0.632954 -0.732108 0.176089
0.241811 -0.879741 -0.39488 0.107953
0.254499 -0.942376 -0.208026 0.0623143
0.235051 -0.963401 -0.127776 0.0168265
0.160163 -0.555001 -0.793477 0.191615
0.174736 -0.602751 -0.755861 0.186636
0.180831 -0.632669 -0.73216 0.175987
0.23378 -0.765486 -0.586839 0.122472
0.247842 -0.851427 -0.453114 0.0912925
0.246045 -0.882774 -0.391649 0.082362
0.244931 -0.888957 -0.378541 0.0804409
0.242495 -0.902612 -0.348023 0.0732687
-0.0828554 0.369734 -0.892239 0.245647
-0.190165 0.795167 -0.554004 0.156931
-0.226449 0.773476 -0.564981 0.176784
-0.168332 0.783928 -0.580491 0.141956
-0.17981 0.787212 -0.569741 0.152846
-0.16855 0.77837 -0.582932 0.161002
-0.176549 0.786526 -0.570947 0.155646
-0.177903 0.778521 -0.580193 0.160099
-0.178021 0.787988 -0.566929 0.161169
-0.183404 0.795538 -0.556958 0.152577
-0.18125 0.811382 -0.537587 0.140743
-0.191298 0.814376 -0.528724 0.143694
-0.233148 0.943847 -0.218822 0.0831397
